group,run,step_idx,phase,num_reqs,total_num_scheduled_tokens,update_states_us,prepare_inputs_us,total_us,update_states_cpu_us,prepare_inputs_cpu_us,total_cpu_us,triton_launch_us
real,0,0,prefill,1,1024,232.4800007045269,775.6600389257073,1088.75,236.01,780.1,1085.4,0.0
real,0,1,decode,1,1,46.35000368580222,547.6200021803379,631.91,48.59,551.27,632.08,0.0
real,0,2,decode,1,1,22.31000689789653,526.099989656359,585.68,24.98,529.42,585.26,0.0
real,0,3,decode,1,1,21.17000985890627,507.800024934113,563.18,23.52,511.28,563.18,0.0
real,0,4,decode,1,1,20.7500415854156,501.6500363126397,566.03,23.45,505.28,556.11,0.0
real,0,5,mixed,2,1025,161.5999499335885,589.6899965591729,801.8,164.56,593.95,799.82,0.0
real,0,6,decode,2,2,43.249980080872774,494.3499807268381,571.99,45.65,498.11,571.85,0.0
real,0,7,mixed,3,1026,149.41999688744545,570.9800170734525,769.23,152.23,575.43,767.16,0.0
real,0,8,mixed,4,515,162.34000213444233,549.6700177900493,758.69,165.01,553.49,756.47,0.0
real,0,9,decode,4,4,46.850007493048906,484.20001985505223,565.27,49.06,487.67,571.66,0.0
real,0,10,mixed,5,516,149.05998250469565,549.7400416061282,746.89,151.93,553.67,744.77,0.0
real,0,11,decode,5,5,49.66999404132366,488.22001554071903,572.9,52.11,491.87,572.71,0.0
real,0,12,mixed,6,517,155.6600327603519,553.8800032809377,756.47,158.53,557.81,754.5,0.0
real,0,13,decode,6,6,50.55998917669058,486.77000449970365,571.85,52.7,490.48,571.49,0.0
real,0,14,decode,6,6,29.72001675516367,489.5200254395604,553.36,32.1,492.97,553.25,0.0
real,0,15,decode,6,6,29.769958928227425,479.25004037097096,542.37,32.09,482.57,542.36,0.0
real,0,16,decode,6,6,27.85999095067382,478.82000217214227,539.31,30.13,482.06,539.32,0.0
real,0,17,decode,6,6,28.130016289651394,495.04003254696727,555.93,30.3,490.71,547.84,0.0
real,0,18,mixed,7,1030,158.1500400789082,573.629979044199,780.04,161.11,577.94,778.15,0.0
real,0,19,mixed,8,1031,169.9900021776557,571.0999830625951,788.47,172.88,575.3,786.66,0.0
real,0,20,decode,8,8,52.82997153699398,479.5799613930285,566.94,55.16,482.9,566.72,0.0
real,0,21,mixed,9,520,156.95998445153236,547.0199976116419,750.76,160.08,551.21,748.99,0.0
real,0,22,decode,9,9,54.340052884072065,486.98001774027944,576.75,56.92,490.42,576.56,0.0
real,0,23,decode,9,9,34.01999128982425,483.0699763260782,551.31,36.43,486.32,551.22,0.0
real,0,24,mixed,10,521,160.89004930108786,547.5800135172904,755.96,163.78,552.04,754.15,0.0
real,0,25,decode,10,10,55.79000571742654,505.1700281910598,596.77,58.19,502.38,590.17,0.0
real,0,26,decode,10,10,35.41004844009876,488.44004049897194,558.09,37.66,491.89,557.81,0.0
real,0,27,decode,10,10,34.960045013576746,484.2300550080836,552.26,37.17,487.7,552.22,0.0
real,0,28,decode,10,10,34.30002834647894,485.66999612376094,553.28,36.64,489.05,553.29,0.0
real,0,29,decode,10,10,34.39997090026736,481.189985293895,549.47,36.56,484.54,549.41,0.0
real,0,30,decode,10,10,34.119992051273584,478.35998702794313,545.77,36.61,481.91,545.73,0.0
real,0,31,decode,10,10,34.310040064156055,494.4999818690121,562.63,36.6,485.2,549.81,0.0
real,0,32,decode,10,10,35.400036722421646,486.6700037382543,556.91,37.66,490.17,556.83,0.0
real,0,33,mixed,11,1034,162.72999346256256,571.470009163022,781.81,165.45,575.86,785.68,0.0
real,0,34,decode,11,11,57.20002809539437,481.6800355911255,573.06,59.6,485.23,572.95,0.0
real,0,35,mixed,12,523,161.64995031431317,559.3899986706674,769.83,164.56,555.95,760.94,0.0
real,0,36,mixed,13,1036,176.059955265373,560.629996471107,783.57,178.97,564.74,781.67,0.0
real,0,37,decode,13,13,61.400001868605614,493.56004456058145,589.73,63.77,497.0,589.61,0.0
real,0,38,decode,13,13,40.12999124825001,483.8099703192711,558.8,42.5,487.29,558.76,0.0
real,0,39,decode,13,13,40.59000639244914,488.76000801101327,564.77,42.88,492.04,564.5,0.0
real,0,40,decode,13,13,40.31002754345536,495.84999214857817,570.69,42.65,491.81,563.13,0.0
real,0,41,mixed,14,525,179.40002726390958,570.2199996449053,798.22,182.33,574.05,796.2,0.0
real,0,42,decode,14,14,58.89998283237219,489.76996913552284,582.62,60.96,493.18,582.65,0.0
real,0,43,decode,14,14,39.529986679553986,477.2400134243071,550.37,41.65,480.4,550.33,0.0
real,0,44,mixed,15,526,165.1000347919762,561.6599810309708,771.46,167.87,552.84,757.33,0.0
real,0,45,decode,15,15,61.61996861919761,481.81001329794526,578.18,63.95,485.35,578.02,0.0
real,0,46,mixed,16,1039,162.35001385211945,557.8899872489274,764.29,164.98,561.49,763.0,0.0
real,0,47,decode,16,16,61.350001487880945,479.4399719685316,574.53,63.35,482.74,574.37,0.0
real,0,48,decode,16,16,42.99002466723323,470.76999908313155,546.56,45.14,473.89,546.48,0.0
real,0,49,decode,16,16,41.70997999608517,468.1899445131421,542.78,43.8,471.27,542.66,0.0
real,0,50,decode,16,16,41.930004954338074,474.3299796245992,549.37,44.17,477.59,549.03,0.0
real,0,51,decode,16,16,41.71999171376228,469.7000258602202,543.95,43.88,472.88,543.76,0.0
real,0,52,decode,16,16,42.180006857961416,476.40997217968106,551.35,44.27,479.72,551.34,0.0
real,0,53,decode,16,16,41.700026486068964,468.8299959525466,541.73,43.76,471.78,541.72,0.0
real,0,54,decode,16,16,41.860039345920086,464.1400300897658,537.89,44.15,467.33,537.73,0.0
real,0,55,decode,16,16,52.130024414509535,483.47999108955264,568.85,54.36,487.15,568.87,0.0
real,0,56,decode,16,16,53.96001506596804,490.1100182905793,582.93,56.91,493.46,582.49,0.0
real,0,57,decode,16,16,41.59001400694251,473.0700165964663,547.3,43.65,476.5,547.13,0.0
real,0,58,decode,16,16,42.039959225803614,468.8200424425304,543.74,44.1,471.88,550.88,0.0
real,0,59,decode,16,16,42.04001743346453,474.1600132547319,549.21,44.18,477.31,549.09,0.0
real,0,60,decode,16,16,40.69000715389848,463.46004819497466,535.19,42.8,466.53,535.12,0.0
real,0,61,decode,16,16,40.860031731426716,461.3699857145548,533.78,43.02,464.56,533.78,0.0
real,0,62,decode,16,16,58.43001417815685,468.3200386352837,559.78,50.11,471.87,549.17,0.0
real,0,63,decode,16,16,39.99000182375312,461.27999667078257,532.34,42.07,464.35,532.28,0.0
real,0,64,decode,15,15,112.00999142602086,463.2800118997693,607.33,114.13,466.54,607.31,0.0
real,0,65,decode,15,15,40.02999048680067,461.64996456354856,532.69,42.09,464.61,532.67,0.0
real,0,66,decode,15,15,39.790000300854445,461.35997399687767,531.93,41.86,464.58,532.02,0.0
real,0,67,decode,15,15,39.470032788813114,460.60996828600764,530.98,41.48,463.87,530.98,0.0
real,0,68,decode,15,15,39.76997686550021,480.48002645373344,551.39,41.73,471.66,539.43,0.0
real,0,69,decode,14,14,106.87997564673424,469.0599744208157,609.32,109.05,472.26,609.25,0.0
real,0,70,decode,14,14,38.88999344781041,468.4599698521197,539.26,41.03,471.75,539.16,0.0
real,0,71,decode,13,13,101.0799896903336,467.739999294281,600.89,103.17,470.94,601.0,0.0
real,0,72,decode,12,12,101.81003017351031,470.0000281445682,605.07,103.96,473.25,604.89,0.0
real,0,73,decode,12,12,36.40999784693122,467.56997471675277,535.1,38.55,470.79,535.0,0.0
real,0,74,decode,11,11,99.07997446134686,475.81997932866216,615.59,101.96,479.2,609.43,0.0
real,0,75,decode,11,11,34.42005254328251,469.3299997597933,535.63,36.55,472.79,535.6,0.0
real,0,76,decode,10,10,96.63001401349902,462.8199967555702,591.13,98.92,466.15,591.06,0.0
real,0,77,decode,10,10,32.660027500241995,462.58000656962395,525.79,34.84,465.52,525.71,0.0
real,0,78,decode,10,10,33.00001844763756,461.56003372743726,525.36,35.17,464.68,525.44,0.0
real,0,79,decode,10,10,32.3799904435873,459.9000094458461,522.64,34.49,462.92,522.54,0.0
real,0,80,decode,10,10,32.36997872591019,479.89998711273074,543.11,34.38,470.62,530.41,0.0
real,0,81,decode,10,10,32.47003769502044,464.63002217933536,527.87,34.5,467.78,527.93,0.0
real,0,82,decode,9,9,93.66997983306646,463.780015707016,589.24,95.72,467.02,589.23,0.0
real,0,83,decode,8,8,90.2600004337728,461.1699841916561,582.67,92.34,464.32,582.67,0.0
real,0,84,decode,8,8,29.590039048343897,465.8200195990503,526.37,31.82,468.95,526.12,0.0
real,0,85,decode,7,7,77.5399967096746,464.8200119845569,573.56,79.66,468.11,573.53,0.0
real,0,86,decode,7,7,28.590031433850527,481.9899913854897,541.35,30.71,475.53,531.37,0.0
real,0,87,decode,7,7,28.030015528202057,464.34003161266446,522.54,30.14,467.35,522.53,0.0
real,0,88,decode,6,6,77.07002805545926,459.01001431047916,567.14,79.16,462.26,567.16,0.0
real,0,89,decode,6,6,28.699985705316067,464.9600014090538,524.38,31.0,468.11,530.16,0.0
real,0,90,decode,6,6,25.87004564702511,468.80997251719236,524.79,28.01,471.93,524.81,0.0
real,0,91,decode,6,6,26.530004106462002,469.2700458690524,526.34,28.67,472.45,526.33,0.0
real,0,92,decode,6,6,26.06998896226287,486.7499810643494,543.37,28.04,475.72,529.12,0.0
real,0,93,decode,6,6,26.05002373456955,466.9399932026863,524.09,28.32,470.13,523.97,0.0
real,0,94,decode,6,6,25.70002106949687,460.190000012517,516.23,27.96,463.25,516.21,0.0
real,0,95,decode,6,6,25.990011636167765,462.21999218687415,518.65,28.28,465.5,518.65,0.0
real,0,96,decode,6,6,25.940011255443096,462.51999447122216,518.37,28.12,465.75,518.21,0.0
real,0,97,decode,5,5,74.89998824894428,458.11000745743513,563.33,76.94,461.35,563.35,0.0
real,0,98,decode,5,5,24.49000021442771,470.31999565660954,525.37,26.73,464.6,516.55,0.0
real,0,99,decode,4,4,73.21004522964358,456.4200062304735,561.3,75.59,459.71,561.04,0.0
real,0,100,decode,3,3,69.08003706485033,459.5500067807734,559.72,71.3,462.8,559.78,0.0
real,0,101,decode,3,3,22.13998232036829,460.76998114585876,512.68,24.16,463.93,512.67,0.0
real,0,102,decode,3,3,21.109997760504484,460.0499523803592,510.51,23.17,463.23,510.44,0.0
real,0,103,decode,3,3,22.42001937702298,459.01996782049537,510.91,24.5,462.14,510.84,0.0
real,0,104,decode,3,3,21.249987185001373,462.73000771179795,513.56,23.28,465.98,513.48,0.0
real,0,105,decode,2,2,86.15996921434999,465.21995682269335,583.02,76.01,468.44,570.79,0.0
real,0,106,decode,2,2,20.659994333982468,464.03001761063933,514.48,22.79,467.02,514.44,0.0
real,0,107,decode,2,2,20.020001102238894,465.0299670174718,514.63,22.08,468.34,514.82,0.0
real,0,108,decode,1,1,68.90000076964498,464.4399741664529,564.44,71.23,467.65,564.18,0.0
real,0,109,decode,1,1,17.490005120635033,465.9600090235472,513.62,19.55,469.06,513.68,0.0
real,0,110,drain,0,0,67.9,0.0,71.23,67.2,0.0,70.69,0.0
real,1,0,prefill,1,1024,213.46996072679758,732.6199556700885,1023.56,217.19,737.41,1019.23,0.0
real,1,1,decode,1,1,42.5399630330503,505.2899941802025,584.37,44.82,508.96,583.96,0.0
real,1,2,decode,1,1,20.190025679767132,507.52999959513545,562.16,22.47,494.44,544.96,0.0
real,1,3,decode,1,1,19.459985196590424,471.57995868474245,522.35,21.65,475.03,528.79,0.0
real,1,4,decode,1,1,18.689956050366163,467.25996071472764,517.54,20.83,470.83,517.41,0.0
real,1,5,mixed,2,1025,146.27003110945225,564.1799652948976,758.1,149.14,568.52,755.94,0.0
real,1,6,decode,2,2,41.56999057158828,486.4599904976785,560.93,43.79,489.85,560.89,0.0
real,1,7,mixed,3,1026,165.69002764299512,564.1200114041567,776.26,155.84,568.52,761.75,0.0
real,1,8,mixed,4,515,161.96997603401542,548.6499867402017,756.47,164.81,552.85,754.46,0.0
real,1,9,decode,4,4,44.899992644786835,482.90996346622705,560.72,47.09,486.37,560.53,0.0
real,1,10,mixed,5,516,156.4000267535448,552.5999586097896,755.13,159.47,556.56,753.08,0.0
real,1,11,decode,5,5,56.44001066684723,492.4400127492845,582.81,50.17,496.08,574.3,0.0
real,1,12,mixed,6,517,151.12000983208418,544.3599657155573,741.46,153.92,548.24,739.33,0.0
real,1,13,decode,6,6,47.320034354925156,478.2699979841709,558.91,49.47,481.8,558.88,0.0
real,1,14,decode,6,6,28.32000609487295,473.41996105387807,534.84,30.61,476.85,534.59,0.0
real,1,15,decode,6,6,28.080015908926725,469.59996689110994,530.02,30.29,473.09,530.03,0.0
real,1,16,decode,6,6,27.489964850246906,481.3899868167937,540.78,29.67,478.69,538.11,0.0
real,1,17,decode,6,6,27.45998790487647,474.72998267039657,535.77,30.51,477.91,535.69,0.0
real,1,18,mixed,7,1030,155.90997645631433,565.7000001519918,768.82,158.72,569.99,767.19,0.0
real,1,19,mixed,8,1031,173.82996156811714,576.469989027828,798.28,176.64,580.63,796.5,0.0
real,1,20,decode,8,8,52.96996096149087,520.800007507205,610.01,55.25,514.47,599.42,0.0
real,1,21,mixed,9,520,167.74999676272273,572.6999952457845,787.73,170.52,576.35,785.81,0.0
real,1,22,decode,9,9,55.47999171540141,505.4399953223765,596.74,57.66,509.0,596.37,0.0
real,1,23,decode,9,9,33.750024158507586,506.6799931228161,575.04,36.05,510.28,574.92,0.0
real,1,24,mixed,10,521,166.2700087763369,584.2300015501678,797.72,169.08,575.92,783.34,0.0
real,1,25,decode,10,10,56.95997970178723,495.9999932907522,587.82,59.07,499.66,593.34,0.0
real,1,26,decode,10,10,35.92995926737785,488.3999936282635,559.98,38.43,492.14,560.03,0.0
real,1,27,decode,10,10,35.209988709539175,497.110013384372,566.23,37.76,500.79,565.99,0.0
real,1,28,decode,10,10,34.29001662880182,500.79001812264323,568.61,36.52,504.36,568.29,0.0
real,1,29,decode,10,10,35.840028431266546,493.519997689873,562.08,38.33,496.9,562.04,0.0
real,1,30,decode,10,10,33.91003701835871,517.4999823793769,584.57,36.15,506.61,569.62,0.0
real,1,31,decode,10,10,34.61999585852027,507.74996634572744,576.36,36.98,511.27,575.98,0.0
real,1,32,decode,10,10,33.649965189397335,527.9600154608488,596.76,36.09,531.38,597.43,0.0
real,1,33,mixed,11,1034,172.15998377650976,615.6399613246322,836.48,175.17,619.61,834.42,0.0
real,1,34,decode,11,11,61.159953474998474,537.240004632622,634.28,63.37,540.72,633.97,0.0
real,1,35,mixed,12,523,176.5000051818788,601.2400262989104,827.36,179.58,605.58,825.34,0.0
real,1,36,mixed,13,1036,187.34997138381004,619.670026935637,855.14,190.04,623.81,853.21,0.0
real,1,37,decode,13,13,61.91997090354562,530.0499615259469,628.84,64.09,533.89,628.48,0.0
real,1,38,decode,13,13,40.4900056309998,519.7799764573574,595.7,42.77,523.33,595.85,0.0
real,1,39,decode,13,13,39.76002335548401,540.5499832704663,618.67,42.73,543.96,618.2,0.0
real,1,40,decode,13,13,39.27003126591444,530.5899539962411,605.91,42.01,534.25,605.72,0.0
real,1,41,mixed,14,525,175.43998546898365,591.2599735893309,816.8,178.25,595.34,815.0,0.0
real,1,42,decode,14,14,62.850012909621,547.1999756991863,646.23,65.19,550.74,646.27,0.0
real,1,43,decode,14,14,41.229999624192715,545.6499638967216,623.96,43.81,537.08,611.63,0.0
real,1,44,mixed,15,526,175.52002100273967,591.7300004512072,816.15,178.41,595.76,814.48,0.0
real,1,45,decode,15,15,64.73000394180417,534.9100101739168,636.12,67.24,538.36,635.97,0.0
real,1,46,mixed,16,1039,180.4499770514667,622.1600342541933,852.75,183.51,626.46,851.08,0.0
real,1,47,decode,16,16,73.79002636298537,566.8499507009983,681.28,76.52,563.32,673.32,0.0
real,1,48,decode,16,16,46.410015784204006,561.3600369542837,649.44,49.29,564.9,649.09,0.0
real,1,49,decode,16,16,46.5599587187171,552.7199828065932,637.61,48.86,556.79,637.42,0.0
real,1,50,decode,16,16,46.08003655448556,548.3999848365784,633.54,48.57,551.84,633.47,0.0
real,1,51,decode,16,16,45.77002255246043,543.0500023066998,627.29,48.14,546.63,627.12,0.0
real,1,52,decode,16,16,45.12001760303974,580.210005864501,667.07,47.31,569.1,651.92,0.0
real,1,53,decode,16,16,48.18005254492164,564.9200174957514,654.47,50.78,568.49,654.27,0.0
real,1,54,decode,16,16,44.72001455724239,541.1399761214852,624.83,47.44,544.5,624.28,0.0
real,1,55,decode,16,16,44.490036088973284,547.4300123751163,629.69,46.65,550.83,629.29,0.0
real,1,56,decode,16,16,45.78998778015375,553.4200463443995,637.52,47.89,557.22,637.15,0.0
real,1,57,decode,16,16,47.18999844044447,579.0899740532041,665.61,49.59,569.08,651.55,0.0
real,1,58,decode,16,16,46.429981011897326,554.7400214709342,641.01,48.72,558.4,640.67,0.0
real,1,59,decode,16,16,46.13999044522643,534.2899821698666,616.66,48.23,537.91,616.29,0.0
real,1,60,decode,16,16,46.00000102072954,531.8999756127596,616.23,48.54,535.2,616.15,0.0
real,1,61,decode,16,16,45.64999835565686,536.3099626265466,620.0,47.75,539.98,619.76,0.0
real,1,62,decode,16,16,45.81996472552419,546.0300017148256,631.67,48.15,549.79,631.48,0.0
real,1,63,decode,16,16,46.10000178217888,584.7999709658325,669.37,48.56,575.83,656.29,0.0
real,1,64,decode,15,15,138.73999705538154,539.2799503169954,717.72,141.2,543.14,717.71,0.0
real,1,65,decode,15,15,44.89003913477063,537.4000174924731,618.93,47.17,541.03,618.62,0.0
real,1,66,decode,15,15,43.78001904115081,532.6200043782592,615.01,45.84,536.31,614.73,0.0
real,1,67,decode,15,15,44.3600001744926,527.7000018395483,610.83,47.2,531.38,610.67,0.0
real,1,68,decode,15,15,44.230022467672825,553.6300013773143,635.62,46.54,545.35,623.24,0.0
real,1,69,decode,14,14,131.06002006679773,524.3400228209794,694.34,133.39,527.94,693.9,0.0
real,1,70,decode,14,14,42.580009903758764,531.2399589456618,612.06,45.09,535.04,611.84,0.0
real,1,71,decode,13,13,121.84004299342632,530.0899501889944,688.69,124.3,533.7,688.74,0.0
real,1,72,decode,12,12,111.44002201035619,518.3699540793896,667.95,113.77,521.77,667.81,0.0
real,1,73,decode,12,12,38.40000135824084,546.7900191433728,623.07,40.53,533.27,605.3,0.0
real,1,74,decode,11,11,111.06999590992928,515.5300023034215,664.12,113.43,519.13,671.66,0.0
real,1,75,decode,11,11,37.680030800402164,511.0600031912327,585.21,40.02,514.66,585.02,0.0
real,1,76,decode,10,10,107.23003651946783,508.3600408397615,653.11,109.49,512.0,652.82,0.0
real,1,77,decode,10,10,36.03997174650431,506.7599704489112,577.87,38.28,510.23,577.58,0.0
real,1,78,decode,10,10,35.05998756736517,501.1499742977321,570.71,37.37,504.55,570.62,0.0
real,1,79,decode,10,10,35.39997851476073,529.7900061123073,601.54,37.74,522.95,590.62,0.0
real,1,80,decode,10,10,35.72000423446298,504.0099495090544,574.72,37.86,507.38,574.68,0.0
real,1,81,decode,10,10,35.18996527418494,503.22996685281396,573.54,37.44,506.46,573.58,0.0
real,1,82,decode,9,9,111.55003448948264,500.5599814467132,648.72,113.96,504.3,648.71,0.0
real,1,83,decode,8,8,101.74995986744761,498.6600251868367,637.86,104.06,502.33,637.88,0.0
real,1,84,decode,8,8,32.86998253315687,519.4799741730094,587.55,35.11,503.61,568.35,0.0
real,1,85,decode,7,7,90.41995508596301,500.0300006940961,625.6,92.57,503.66,625.55,0.0
real,1,86,decode,7,7,30.019960831850767,502.5099962949753,568.07,32.22,506.05,567.88,0.0
real,1,87,decode,7,7,30.73998959735036,492.90998140349984,557.41,32.83,496.2,557.43,0.0
real,1,88,decode,6,6,85.570034570992,490.41002057492733,609.98,87.8,493.97,609.8,0.0
real,1,89,decode,6,6,27.820002287626266,499.34000708162785,561.26,29.94,502.73,561.22,0.0
real,1,90,decode,6,6,28.47996074706316,516.2699962966144,579.15,30.56,510.21,569.46,0.0
real,1,91,decode,6,6,27.909991331398487,495.17001025378704,557.78,30.25,498.37,557.76,0.0
real,1,92,decode,6,6,28.32000609487295,492.4499662593007,554.38,30.4,495.84,554.16,0.0
real,1,93,decode,6,6,27.660047635436058,490.28999637812376,551.95,29.8,493.63,551.76,0.0
real,1,94,decode,6,6,28.47996074706316,490.829988848418,553.4,30.84,494.1,553.25,0.0
real,1,95,decode,6,6,28.29998265951872,491.22999189421535,553.49,30.62,494.58,553.41,0.0
real,1,96,decode,6,6,28.099981136620045,515.9000284038484,578.92,30.61,504.46,563.54,0.0
real,1,97,decode,5,5,88.33000902086496,492.98995872959495,616.74,90.56,496.54,616.75,0.0
real,1,98,decode,5,5,26.06998896226287,490.8900009468198,551.14,28.28,494.57,551.01,0.0
real,1,99,decode,4,4,84.29004810750484,492.5100365653634,612.04,86.46,496.08,611.81,0.0
real,1,100,decode,3,3,78.87999527156353,489.5899910479784,602.31,80.94,493.03,602.38,0.0
real,1,101,decode,3,3,23.50995782762766,485.1300036534667,541.88,25.84,488.55,541.83,0.0
real,1,102,decode,3,3,22.77002204209566,509.3300133012235,565.63,25.0,501.24,553.67,0.0
real,1,103,decode,3,3,23.24004890397191,488.9399860985577,546.38,25.36,492.39,552.94,0.0
real,1,104,decode,3,3,23.05000089108944,479.67000864446163,534.97,25.2,483.2,534.99,0.0
real,1,105,decode,2,2,79.21003270894289,474.839995149523,586.85,81.37,478.34,586.93,0.0
real,1,106,decode,2,2,21.449988707900047,478.8300138898194,531.98,23.54,482.14,532.13,0.0
real,1,107,decode,2,2,21.47001214325428,477.41999151185155,531.03,23.62,480.88,530.94,0.0
real,1,108,decode,1,1,76.8100144341588,498.2099635526538,609.57,79.04,490.0,597.74,0.0
real,1,109,decode,1,1,19.200029782950878,476.929999422282,528.4,21.34,480.09,528.34,0.0
real,1,110,drain,0,0,73.71,0.0,76.98,72.93,0.0,76.57,0.0
real,2,0,prefill,1,1024,233.3599841222167,823.8000445999205,1139.18,237.04,816.51,1123.51,0.0
real,2,1,decode,1,1,47.38999996334314,575.5200400017202,663.33,49.88,579.24,663.04,0.0
real,2,2,decode,1,1,23.26001413166523,551.0100163519382,610.82,25.45,554.73,611.07,0.0
real,2,3,decode,1,1,21.61000156775117,545.1299948617816,602.93,23.73,548.66,602.75,0.0
real,2,4,decode,1,1,21.5600011870265,533.4800225682557,593.13,24.13,537.22,592.94,0.0
real,2,5,mixed,2,1025,177.67999088391662,652.3200427182019,885.27,180.9,649.48,874.46,0.0
real,2,6,decode,2,2,45.3100074082613,539.9399669840932,623.17,47.66,543.47,623.0,0.0
real,2,7,mixed,3,1026,173.04997891187668,628.8599688559771,855.72,176.08,633.14,853.22,0.0
real,2,8,mixed,4,515,182.74004105478525,624.9999860301614,860.11,185.64,618.18,846.9,0.0
real,2,9,decode,4,4,49.87005377188325,536.3600212149322,624.06,52.46,539.98,623.85,0.0
real,2,10,mixed,5,516,167.26000467315316,604.6100170351565,821.5,170.18,608.9,819.63,0.0
real,2,11,decode,5,5,50.11999746784568,525.3700073808432,612.1,52.34,529.03,612.01,0.0
real,2,12,mixed,6,517,166.23002011328936,599.1199868731201,814.7,169.33,593.36,803.01,0.0
real,2,13,decode,6,6,49.70002919435501,512.4800372868776,597.74,52.02,515.96,597.42,0.0
real,2,14,decode,6,6,30.51001112908125,498.11002099886537,563.5,32.87,501.4,563.23,0.0
real,2,15,decode,6,6,28.6499853245914,491.75997264683247,554.2,30.99,495.28,554.39,0.0
real,2,16,decode,6,6,29.640039429068565,491.8500198982656,556.89,31.98,495.45,556.42,0.0
real,2,17,decode,6,6,28.75999780371785,482.7199736610055,545.37,31.21,486.04,545.13,0.0
real,2,18,mixed,7,1030,156.9800078868866,576.0200438089669,780.14,160.33,579.96,778.5,0.0
real,2,19,mixed,8,1031,170.91003246605396,567.7199806086719,786.22,173.62,571.77,784.55,0.0
real,2,20,decode,8,8,53.52997686713934,489.32002391666174,578.34,55.84,492.82,578.0,0.0
real,2,21,mixed,9,520,158.64998567849398,562.7300124615431,768.85,161.38,560.22,760.14,0.0
real,2,22,decode,9,9,55.649958085268736,498.0000085197389,588.85,57.9,501.34,588.54,0.0
real,2,23,decode,9,9,34.16999243199825,494.6400295011699,564.6,36.53,498.03,564.5,0.0
real,2,24,mixed,10,521,163.69001241400838,561.8799477815628,773.74,166.55,565.95,771.86,0.0
real,2,25,decode,10,10,55.62999285757542,490.43999752029777,583.67,57.92,493.96,590.08,0.0
real,2,26,decode,10,10,35.9599944204092,501.38001097366214,571.57,38.3,494.55,560.99,0.0
real,2,27,decode,10,10,35.859993658959866,483.87999413535,553.68,38.08,487.23,553.58,0.0
real,2,28,decode,10,10,34.699973184615374,481.87002539634705,550.05,36.92,485.39,550.17,0.0
real,2,29,decode,10,10,35.53996793925762,483.8699824176729,553.42,37.77,487.27,553.37,0.0
real,2,30,decode,10,10,34.96999852359295,477.5100387632847,545.66,37.18,480.98,545.61,0.0
real,2,31,decode,10,10,34.86999776214361,473.68998639285564,541.87,37.09,476.95,541.64,0.0
real,2,32,decode,10,10,34.4999716617167,486.56004946678877,553.65,36.69,484.19,547.86,0.0
real,2,33,mixed,11,1034,161.47998394444585,561.5500267595053,770.37,164.49,565.46,768.36,0.0
real,2,34,decode,11,11,57.93001037091017,484.94001384824514,577.22,60.06,488.5,577.18,0.0
real,2,35,mixed,12,523,163.75002451241016,547.4400240927935,757.49,166.46,551.4,756.16,0.0
real,2,36,mixed,13,1036,193.69000801816583,572.4200163967907,814.02,185.17,576.74,800.59,0.0
real,2,37,decode,13,13,61.30000110715628,496.8299763277173,593.68,63.8,500.5,593.52,0.0
real,2,38,decode,13,13,40.52004078403115,488.6299720965326,564.62,42.83,492.0,564.58,0.0
real,2,39,decode,13,13,39.07998325303197,481.28003254532814,554.79,41.31,484.55,554.75,0.0
real,2,40,decode,13,13,40.10001430287957,482.1899929083884,556.11,42.37,485.58,555.94,0.0
real,2,41,mixed,14,525,170.1400033198297,557.8399868682027,785.11,173.71,561.94,776.67,0.0
real,2,42,decode,14,14,63.34000499919057,492.25002294406295,590.44,65.55,495.58,590.42,0.0
real,2,43,decode,14,14,41.12999886274338,488.1300264969468,564.01,43.36,491.55,563.91,0.0
real,2,44,mixed,15,526,164.19001622125506,551.5699740499258,761.77,167.08,555.52,760.06,0.0
real,2,45,decode,15,15,63.37004015222192,506.65001617744565,605.5,65.75,500.77,596.22,0.0
real,2,46,mixed,16,1039,167.39999409765005,566.5399949066341,782.62,170.12,570.36,780.8,0.0
real,2,47,decode,16,16,65.58001041412354,496.19999481365085,598.42,67.9,499.83,598.32,0.0
real,2,48,decode,16,16,45.08998245000839,484.71998888999224,565.8,47.19,488.21,565.91,0.0
real,2,49,decode,16,16,44.970016460865736,482.1399925276637,561.57,47.28,485.61,567.87,0.0
real,2,50,decode,16,16,45.49999721348286,503.0400352552533,583.24,47.81,494.41,570.88,0.0
real,2,51,decode,16,16,45.80005770549178,484.780000988394,564.81,47.99,488.05,564.6,0.0
real,2,52,decode,16,16,44.10004476085305,484.5599760301411,562.74,46.49,487.8,562.67,0.0
real,2,53,decode,16,16,45.320019125938416,485.10998021811247,564.58,47.59,488.56,564.52,0.0
real,2,54,decode,16,16,43.52000541985035,491.51998246088624,569.73,45.66,494.82,569.71,0.0
real,2,55,decode,16,16,45.51000893115997,487.8400359302759,568.85,48.15,491.3,568.83,0.0
real,2,56,decode,16,16,45.27997225522995,500.9699962101877,581.63,47.48,496.48,573.32,0.0
real,2,57,decode,16,16,47.5099659524858,480.63002759590745,562.54,49.79,484.16,562.43,0.0
real,2,58,decode,16,16,41.76999209448695,459.81997391209006,533.04,43.88,463.01,533.08,0.0
real,2,59,decode,16,16,41.55997885391116,463.23001151904464,536.32,43.63,466.31,536.31,0.0
real,2,60,decode,16,16,41.459978092461824,459.9199746735394,532.2,43.52,463.04,532.15,0.0
real,2,61,decode,16,16,41.51999019086361,463.52000208571553,536.11,43.61,466.77,536.07,0.0
real,2,62,decode,16,16,40.95997428521514,476.90997598692775,549.78,43.04,469.49,539.09,0.0
real,2,63,decode,16,16,41.91999323666096,465.9700207412243,539.51,44.02,469.04,539.41,0.0
real,2,64,decode,15,15,116.44000187516212,468.3900042437017,617.91,118.56,471.72,617.99,0.0
real,2,65,decode,15,15,41.94997018203139,475.1099622808397,549.06,44.06,478.41,549.01,0.0
real,2,66,decode,15,15,40.3400044888258,468.2299913838506,540.44,42.44,471.52,540.36,0.0
real,2,67,decode,15,15,40.81003135070205,462.56999485194683,534.52,42.92,465.65,534.4,0.0
real,2,68,decode,15,15,39.48999801650643,484.50997564941645,556.06,41.57,473.79,541.48,0.0
real,2,69,decode,14,14,106.44999565556645,472.44998859241605,612.1,108.61,475.92,612.16,0.0
real,2,70,decode,14,14,39.08004146069288,469.1199865192175,543.91,41.36,472.88,543.75,0.0
real,2,71,decode,13,13,104.48001557961106,480.56000377982855,618.95,106.57,483.96,618.77,0.0
real,2,72,decode,12,12,97.53997437655926,464.4599976018071,594.49,99.63,468.0,594.41,0.0
real,2,73,decode,12,12,35.70999251678586,470.55998584255576,538.95,37.86,473.93,538.52,0.0
real,2,74,decode,11,11,96.01004421710968,491.24000361189246,620.83,98.31,481.45,607.25,0.0
real,2,75,decode,11,11,35.48001404851675,468.27999176457524,535.73,37.52,471.66,535.5,0.0
real,2,76,decode,10,10,93.59000250697136,460.3699781000614,585.53,95.68,463.41,585.57,0.0
real,2,77,decode,10,10,32.00001083314419,466.3399886339903,530.28,34.18,469.33,529.98,0.0
real,2,78,decode,10,10,32.34000178053975,461.9499668478966,524.56,34.38,465.19,524.52,0.0
real,2,79,decode,10,10,32.279989682137966,459.1200267896056,522.08,34.36,462.29,528.3,0.0
real,2,80,decode,10,10,31.589996069669724,480.589980725199,543.24,33.58,472.47,531.68,0.0
real,2,81,decode,10,10,33.349962905049324,465.87001997977495,530.92,35.45,469.12,530.74,0.0
real,2,82,decode,9,9,95.10997915640473,465.6100063584745,593.58,97.46,468.81,593.7,0.0
real,2,83,decode,8,8,91.66996460407972,461.9500250555575,585.76,93.99,465.24,585.62,0.0
real,2,84,decode,8,8,30.17997369170189,466.7200264520943,526.56,32.13,469.91,526.57,0.0
real,2,85,decode,7,7,79.37999907881021,461.8900129571557,572.3,81.36,465.13,572.28,0.0
real,2,86,decode,7,7,27.36999886110425,483.3099665120244,541.73,29.5,472.57,527.76,0.0
real,2,87,decode,7,7,28.240028768777847,469.82005005702376,530.31,30.49,473.36,530.13,0.0
real,2,88,decode,6,6,77.40000728517771,462.4099819920957,571.56,79.79,465.65,571.42,0.0
real,2,89,decode,6,6,26.73995913937688,460.5600261129439,517.61,28.88,463.61,517.67,0.0
real,2,90,decode,6,6,25.919987820088863,460.67003859207034,516.69,28.08,463.8,516.64,0.0
real,2,91,decode,6,6,25.70002106949687,463.53001380339265,519.07,27.86,466.68,519.12,0.0
real,2,92,decode,6,6,25.45997267588973,458.62997649237514,513.65,27.86,461.62,513.53,0.0
real,2,93,decode,6,6,25.68995114415884,462.15002657845616,518.63,27.75,465.22,518.19,0.0
real,2,94,decode,6,6,26.19996666908264,464.1799605451524,520.12,28.24,467.06,520.09,0.0
real,2,95,decode,6,6,25.500019546598196,466.3500003516674,522.84,27.45,469.9,522.5,0.0
real,2,96,decode,6,6,25.75002145022154,461.3700439222157,517.72,27.87,464.59,517.45,0.0
real,2,97,decode,5,5,76.26001024618745,468.72999519109726,576.78,78.39,472.22,576.77,0.0
real,2,98,decode,5,5,25.12003993615508,464.7200112231076,520.13,27.15,467.82,519.85,0.0
real,2,99,decode,4,4,73.73996777459979,479.90999883040786,586.53,76.04,476.49,579.28,0.0
real,2,100,decode,3,3,70.85001561790705,466.9499467127025,569.68,72.99,470.41,569.63,0.0
real,2,101,decode,3,3,22.020016331225634,473.0100044980645,525.72,24.35,476.16,525.42,0.0
real,2,102,decode,3,3,21.410000044852495,468.559970613569,521.06,23.52,471.97,520.75,0.0
real,2,103,decode,3,3,22.160005755722523,470.99997755140066,525.02,24.73,474.15,524.77,0.0
real,2,104,decode,3,3,22.69999822601676,471.8899726867676,525.58,24.76,474.92,525.39,0.0
real,2,105,decode,2,2,71.52999751269817,491.210026666522,595.6,73.69,484.24,584.69,0.0
real,2,106,decode,2,2,20.320003386586905,470.5699975602329,521.45,22.42,473.93,521.16,0.0
real,2,107,decode,2,2,20.549981854856014,465.0399787351489,516.32,22.54,468.05,515.97,0.0
real,2,108,decode,1,1,70.54000161588192,462.29001600295305,563.3,72.6,465.56,563.06,0.0
real,2,109,decode,1,1,18.300022929906845,462.1699918061495,510.89,20.47,465.26,510.82,0.0
real,2,110,drain,0,0,66.37,0.0,69.61,65.6,0.0,69.05,0.0
real,3,0,prefill,1,1024,218.5299526900053,759.4400085508823,1056.54,222.23,764.62,1052.85,0.0
real,3,1,decode,1,1,42.6800106652081,515.9800057299435,596.55,44.84,519.56,596.32,0.0
real,3,2,decode,1,1,22.360007278621197,512.2100119479,570.94,24.67,509.49,564.5,0.0
real,3,3,decode,1,1,20.73001815006137,487.4599981121719,542.11,22.94,491.03,542.11,0.0
real,3,4,decode,1,1,20.620005670934916,485.6599844060838,539.48,22.72,489.01,539.37,0.0
real,3,5,mixed,2,1025,157.7899674884975,585.7000360265374,794.05,160.73,589.96,791.8,0.0
real,3,6,decode,2,2,43.15999103710055,504.60000056773424,582.54,45.16,508.07,582.33,0.0
real,3,7,mixed,3,1026,158.06994633749127,589.8399977013469,796.59,161.03,594.13,794.63,0.0
real,3,8,mixed,4,515,175.67997565492988,576.8400151282549,802.75,178.47,581.18,806.75,0.0
real,3,9,decode,4,4,48.040004912763834,509.7499815747142,593.45,50.25,513.36,593.41,0.0
real,3,10,mixed,5,516,170.97999807447195,600.7300107739866,823.41,174.41,593.59,809.62,0.0
real,3,11,decode,5,5,49.73000613972545,507.17999693006277,593.64,52.24,510.91,593.56,0.0
real,3,12,mixed,6,517,169.1199722699821,583.2700408063829,803.05,172.21,587.41,800.93,0.0
real,3,13,decode,6,6,51.93002289161086,507.52999959513545,595.62,54.19,511.41,595.61,0.0
real,3,14,decode,6,6,29.920018278062344,500.0499659217894,564.96,32.17,503.51,564.74,0.0
real,3,15,decode,6,6,40.29000410810113,511.03997975587845,587.96,34.64,514.84,580.0,0.0
real,3,16,decode,6,6,30.750001315027475,500.1200479455292,565.32,33.16,503.45,565.13,0.0
real,3,17,decode,6,6,30.270020943135023,497.0500012859702,562.58,32.46,500.77,562.7,0.0
real,3,18,mixed,7,1030,177.8199803084135,607.2099786251783,837.0,180.85,611.09,834.57,0.0
real,3,19,mixed,8,1031,202.81999604776502,603.5599508322775,859.08,194.92,607.66,845.64,0.0
real,3,20,decode,8,8,56.00001895800233,517.9200088605285,610.78,58.35,521.6,610.75,0.0
real,3,21,mixed,9,520,173.7299608066678,595.4999942332506,820.64,176.74,599.94,818.37,0.0
real,3,22,decode,9,9,57.13000427931547,517.6300182938576,611.77,59.5,521.22,611.63,0.0
real,3,23,decode,9,9,36.64003452286124,525.4599964246154,599.41,39.01,518.64,588.5,0.0
real,3,24,mixed,10,521,176.0500017553568,585.0900197401643,811.0,178.98,589.25,809.28,0.0
real,3,25,decode,10,10,58.06999979540706,515.8800049684942,609.87,60.33,519.34,609.62,0.0
real,3,26,decode,10,10,37.210003938525915,508.2199932076037,581.15,39.49,511.56,581.09,0.0
real,3,27,decode,10,10,36.509998608380556,500.6399587728083,572.17,38.73,504.05,572.17,0.0
real,3,28,decode,10,10,48.41998452320695,507.5799999758601,590.86,41.04,511.19,581.24,0.0
real,3,29,decode,10,10,35.63996870070696,502.64003220945597,573.17,37.83,506.15,573.22,0.0
real,3,30,decode,10,10,35.119999665766954,498.079985845834,568.59,37.59,501.48,568.17,0.0
real,3,31,decode,10,10,35.89998232200742,499.20997116714716,569.3,38.19,502.63,569.26,0.0
real,3,32,decode,10,10,35.9599944204092,499.99996554106474,571.18,38.2,503.58,570.97,0.0
real,3,33,mixed,11,1034,196.089968085289,604.6799826435745,851.37,187.76,609.06,838.48,0.0
real,3,34,decode,11,11,61.67002720758319,519.1200179979205,618.87,63.93,522.72,618.75,0.0
real,3,35,mixed,12,523,181.25999486073852,583.6299969814718,815.45,184.3,587.82,813.38,0.0
real,3,36,mixed,13,1036,190.26995869353414,612.5699728727341,853.82,193.37,609.28,843.91,0.0
real,3,37,decode,13,13,63.20001557469368,515.2600351721048,616.57,65.3,518.71,616.3,0.0
real,3,38,decode,13,13,41.64996789768338,510.629964992404,588.76,43.98,514.19,588.82,0.0
real,3,39,decode,13,13,42.00998228043318,501.10998563468456,578.84,44.3,504.6,578.7,0.0
real,3,40,decode,13,13,40.95002077519894,509.8300171084702,586.33,43.12,513.22,586.13,0.0
real,3,41,mixed,14,525,180.05998572334647,600.0300054438412,830.36,182.86,592.41,816.57,0.0
real,3,42,decode,14,14,64.05997555702925,516.1199951544404,616.58,66.31,519.59,616.44,0.0
real,3,43,decode,14,14,42.740022763609886,503.59003944322467,582.17,44.94,506.99,582.17,0.0
real,3,44,mixed,15,526,181.8300224840641,585.7800133526325,816.82,184.74,589.87,814.53,0.0
real,3,45,decode,15,15,66.98997458443046,532.0500349625945,636.14,69.27,529.14,629.6,0.0
real,3,46,mixed,16,1039,184.52003132551908,600.7299525663257,835.62,187.35,605.0,833.52,0.0
real,3,47,decode,16,16,67.91000487282872,514.3200396560133,619.51,70.26,518.19,619.56,0.0
real,3,48,decode,16,16,46.129978727549314,508.31999396905303,590.73,48.52,511.78,590.63,0.0
real,3,49,decode,16,16,45.689987018704414,506.64995796978474,587.31,47.97,510.04,587.37,0.0
real,3,50,decode,16,16,46.47002788260579,521.7199795879424,604.68,48.7,517.72,597.06,0.0
real,3,51,decode,16,16,46.110013499855995,506.7799938842654,589.21,48.33,510.16,588.92,0.0
real,3,52,decode,16,16,45.639986637979746,500.66999392583966,581.26,47.82,504.42,581.16,0.0
real,3,53,decode,16,16,46.66997119784355,512.060010805726,593.83,48.84,515.3,600.43,0.0
real,3,54,decode,16,16,45.09999416768551,500.6800056435168,580.68,47.28,503.93,580.61,0.0
real,3,55,decode,16,16,44.880027417093515,496.93998880684376,576.41,47.07,500.41,576.32,0.0
real,3,56,decode,16,16,46.82003054767847,504.1800322942436,586.7,49.31,507.79,586.43,0.0
real,3,57,decode,16,16,44.48997788131237,494.7599954903126,574.21,46.84,498.25,573.99,0.0
real,3,58,decode,16,16,44.670014176517725,494.53997053205967,574.09,46.78,497.92,574.15,0.0
real,3,59,decode,16,16,45.79999949783087,497.479981277138,577.36,47.98,500.69,577.51,0.0
real,3,60,decode,16,16,44.86000398173928,503.82997142151,583.49,47.06,507.3,583.32,0.0
real,3,61,decode,16,16,45.7499991171062,516.5500333532691,597.21,48.22,512.0,589.04,0.0
real,3,62,decode,16,16,46.91001959145069,494.3599924445152,576.89,49.02,497.83,576.34,0.0
real,3,63,decode,16,16,47.039997298270464,492.7999689243734,574.71,49.48,496.47,574.39,0.0
real,3,64,decode,15,15,129.73998673260212,493.0700524710119,658.21,132.26,496.4,657.87,0.0
real,3,65,decode,15,15,45.06000550463796,493.9099890179932,573.29,47.35,497.28,572.96,0.0
real,3,66,decode,15,15,43.95004361867905,500.6999708712101,579.55,46.13,503.92,579.47,0.0
real,3,67,decode,15,15,43.89003152027726,515.5900144018233,594.23,46.12,512.94,587.84,0.0
real,3,68,decode,15,15,44.30999979376793,500.619993545115,579.74,46.5,503.69,579.37,0.0
real,3,69,decode,14,14,122.1999991685152,500.74001774191856,658.37,124.47,504.2,658.33,0.0
real,3,70,decode,14,14,43.050036765635014,514.6500188857317,592.43,45.22,518.04,592.46,0.0
real,3,71,decode,13,13,114.9699673987925,514.5900067873299,665.68,117.36,518.17,665.14,0.0
real,3,72,decode,12,12,111.98001448065042,530.3799989633262,680.23,114.66,522.05,667.96,0.0
real,3,73,decode,12,12,39.809965528547764,518.0200096219778,595.67,42.37,522.01,595.31,0.0
real,3,74,decode,11,11,110.25997810065746,504.9299797974527,651.21,112.88,508.39,650.94,0.0
real,3,75,decode,11,11,37.999998312443495,502.05999286845326,575.07,40.27,505.5,574.87,0.0
real,3,76,decode,10,10,107.40000288933516,506.3199787400663,649.47,109.64,509.95,649.35,0.0
real,3,77,decode,10,10,36.58002242445946,500.4800041206181,571.4,38.75,503.97,571.34,0.0
real,3,78,decode,10,10,35.70003900676966,516.8800125829875,586.78,37.8,511.32,577.58,0.0
real,3,79,decode,10,10,34.85003253445029,498.90001537278295,567.95,37.02,502.16,568.14,0.0
real,3,80,decode,10,10,35.8800170943141,489.8100160062313,561.34,38.07,493.11,561.22,0.0
real,3,81,decode,10,10,35.59998003765941,502.04998115077615,572.83,37.9,505.26,578.09,0.0
real,3,82,decode,9,9,108.8900025933981,511.84999756515026,658.94,111.14,515.34,658.62,0.0
real,3,83,decode,8,8,102.59001282975078,508.0099799670279,647.68,104.89,511.56,647.38,0.0
real,3,84,decode,8,8,33.96999090909958,509.79998195543885,579.73,36.58,513.49,579.8,0.0
real,3,85,decode,7,7,88.8700014911592,507.52999959513545,631.59,91.15,510.94,631.5,0.0
real,3,86,decode,7,7,31.019968446344137,508.2099814899266,574.16,33.11,512.11,573.71,0.0
real,3,87,decode,7,7,30.850002076476812,511.9499983265996,578.09,33.04,515.2,577.87,0.0
real,3,88,decode,6,6,87.79001655057073,503.64999333396554,626.24,90.24,507.21,625.9,0.0
real,3,89,decode,6,6,29.670016374439,516.320054885,580.72,32.13,512.19,573.1,0.0
real,3,90,decode,6,6,29.02001142501831,497.3300383426249,560.79,31.6,500.54,560.56,0.0
real,3,91,decode,6,6,28.820009902119637,498.0500089004636,561.55,31.04,501.15,561.61,0.0
real,3,92,decode,6,6,28.690032195299864,502.1400284022093,565.84,30.7,505.41,565.46,0.0
real,3,93,decode,6,6,28.189970180392265,493.3099844492972,555.46,30.63,496.72,555.01,0.0
real,3,94,decode,6,6,29.29999027401209,493.9599893987179,557.87,31.45,497.24,557.69,0.0
real,3,95,decode,6,6,28.800044674426317,506.12003542482853,569.91,31.18,498.1,558.05,0.0
real,3,96,decode,6,6,29.03997665271163,495.8100034855306,560.7,31.61,498.89,560.55,0.0
real,3,97,decode,5,5,86.12999226897955,492.4300010316074,612.96,88.38,496.25,612.76,0.0
real,3,98,decode,5,5,27.909991331398487,496.4700201526284,559.84,30.21,499.72,559.6,0.0
real,3,99,decode,4,4,81.45003812387586,498.599954880774,615.32,83.77,501.99,615.09,0.0
real,3,100,decode,3,3,78.3499563112855,494.120002258569,608.29,80.49,497.84,608.34,0.0
real,3,101,decode,3,3,23.999949917197227,513.4100210852921,571.99,26.33,505.12,559.95,0.0
real,3,102,decode,3,3,23.860018700361252,505.3699715062976,562.49,25.99,508.73,562.34,0.0
real,3,103,decode,3,3,23.62998202443123,507.02999578788877,564.62,26.13,510.39,564.55,0.0
real,3,104,decode,3,3,24.66997830197215,510.68002358078957,570.08,26.95,514.07,569.81,0.0
real,3,105,decode,2,2,81.53996895998716,502.99998838454485,619.11,83.71,506.39,619.07,0.0
real,3,106,decode,2,2,22.430031094700098,506.87004113569856,563.53,24.59,510.17,563.22,0.0
real,3,107,decode,2,2,21.430023480206728,515.3699894435704,571.16,23.83,507.7,559.48,0.0
real,3,108,decode,1,1,77.12002843618393,488.7999966740608,600.09,79.5,492.27,600.05,0.0
real,3,109,decode,1,1,20.289968233555555,493.4800090268254,547.15,22.6,496.67,546.87,0.0
real,3,110,drain,0,0,73.74,0.0,76.98,73.03,0.0,76.39,0.0
shuffled,0,0,prefill,1,1024,296.45999893546104,751.190003938973,1125.68,299.75,755.87,1121.85,0.0
shuffled,0,1,decode,1,1,43.27000351622701,518.4399778954685,599.07,45.84,522.02,598.69,0.0
shuffled,0,2,decode,1,1,20.280014723539352,495.8100034855306,551.58,22.7,499.25,551.39,0.0
shuffled,0,3,decode,1,1,19.68001015484333,481.00994899868965,533.82,21.95,484.43,533.69,0.0
shuffled,0,4,decode,1,1,19.280007109045982,477.8099828399718,528.77,21.52,481.11,528.79,0.0
shuffled,0,5,mixed,2,1025,225.1799451187253,580.0100043416023,852.85,228.26,584.2,850.75,0.0
shuffled,0,6,decode,2,2,42.05998266115785,486.8200048804283,562.52,44.26,490.26,562.47,0.0
shuffled,0,7,mixed,3,1026,217.2699896618724,567.8900051862001,831.73,220.2,571.92,829.83,0.0
shuffled,0,8,mixed,4,515,213.36000645533204,549.709948245436,810.56,216.44,553.58,808.74,0.0
shuffled,0,9,decode,4,4,45.42001988738775,488.2700159214437,567.78,47.61,491.75,572.76,0.0
shuffled,0,10,mixed,5,516,199.8799853026867,569.1899568773806,816.92,202.89,567.31,808.8,0.0
shuffled,0,11,decode,5,5,47.039997298270464,489.46996685117483,571.66,49.45,493.03,571.61,0.0
shuffled,0,12,mixed,6,517,206.81001478806138,562.9800143651664,817.43,209.95,566.91,815.57,0.0
shuffled,0,13,decode,6,6,48.690009862184525,489.2099532298744,571.83,51.04,492.74,571.66,0.0
shuffled,0,14,decode,6,6,28.080015908926725,481.7799781449139,544.46,30.48,485.23,544.0,0.0
shuffled,0,15,decode,6,6,42.32994979247451,484.8300013691187,560.55,31.31,488.39,547.02,0.0
shuffled,0,16,decode,6,6,27.850037440657616,478.4699995070696,538.86,30.16,481.82,538.67,0.0
shuffled,0,17,decode,6,6,26.830006390810013,480.3899792023003,539.35,29.16,483.69,539.3,0.0
shuffled,0,18,mixed,7,1030,220.89999401941895,569.6900188922882,839.34,223.87,573.97,837.38,0.0
shuffled,0,19,mixed,8,1031,234.78001821786165,577.1000287495553,858.89,237.61,568.74,844.68,0.0
shuffled,0,20,decode,8,8,51.37000698596239,485.3599821217358,570.49,53.67,488.83,570.46,0.0
shuffled,0,21,mixed,9,520,203.88996927067637,548.450043424964,798.59,206.88,552.15,796.68,0.0
shuffled,0,22,decode,9,9,51.80999869480729,489.63999142870307,575.65,54.11,492.82,575.51,0.0
shuffled,0,23,decode,9,9,32.70001616328955,483.1499536521733,549.1,34.8,486.46,548.98,0.0
shuffled,0,24,mixed,10,521,216.57999604940414,556.8799679167569,820.52,219.54,560.7,818.33,0.0
shuffled,0,25,decode,10,10,54.45996066555381,488.4700174443424,577.07,56.71,492.06,577.01,0.0
shuffled,0,26,decode,10,10,34.2000275850296,482.8000091947615,550.37,36.43,486.11,550.43,0.0
shuffled,0,27,decode,10,10,33.310032449662685,482.7899974770844,549.65,35.58,486.17,549.52,0.0
shuffled,0,28,decode,10,10,33.40997500345111,479.09998102113605,545.36,35.69,482.37,545.36,0.0
shuffled,0,29,decode,10,10,44.98002817854285,481.4600106328726,560.25,39.05,484.89,551.61,0.0
shuffled,0,30,decode,10,10,33.610034734010696,475.7100250571966,541.89,35.88,478.83,541.85,0.0
shuffled,0,31,decode,10,10,32.96998329460621,473.639986012131,539.32,35.17,477.02,539.18,0.0
shuffled,0,32,decode,10,10,33.12999615445733,471.63001727312803,536.61,35.36,474.8,536.53,0.0
shuffled,0,33,mixed,11,1034,226.9900287501514,559.429987333715,833.06,229.88,563.53,837.65,0.0
shuffled,0,34,decode,11,11,57.31999408453703,501.01999659091234,593.48,59.56,494.56,583.17,0.0
shuffled,0,35,mixed,12,523,215.84000205621123,551.739998627454,815.11,218.83,555.84,813.4,0.0
shuffled,0,36,mixed,13,1036,235.82996800541878,575.3400037065148,860.33,238.87,579.22,858.42,0.0
shuffled,0,37,decode,13,13,60.54999539628625,493.35998483002186,589.02,62.96,496.8,588.95,0.0
shuffled,0,38,decode,13,13,39.40000897273421,492.99001693725586,576.84,42.19,496.47,568.39,0.0
shuffled,0,39,decode,13,13,39.42998591810465,487.64003440737724,560.76,41.7,490.82,560.75,0.0
shuffled,0,40,decode,13,13,38.650003261864185,479.5699496753514,551.4,41.03,482.72,551.46,0.0
shuffled,0,41,mixed,14,525,229.9899933859706,565.3299740515649,843.82,233.01,569.38,841.95,0.0
shuffled,0,42,decode,14,14,62.30000872164965,494.2799569107592,592.91,64.62,497.89,592.73,0.0
shuffled,0,43,decode,14,14,40.94000905752182,490.1799838989973,567.56,43.93,493.6,567.16,0.0
shuffled,0,44,mixed,15,526,215.5299880541861,551.3000069186091,814.99,218.74,555.17,813.16,0.0
shuffled,0,45,decode,15,15,62.23999662324786,489.32997742667794,586.65,64.55,492.73,586.59,0.0
shuffled,0,46,mixed,16,1039,243.4300258755684,577.9800121672451,869.76,246.48,574.68,860.63,0.0
shuffled,0,47,decode,16,16,64.50002547353506,493.5900215059519,593.52,66.87,497.07,593.48,0.0
shuffled,0,48,decode,16,16,43.59002923592925,485.2100391872227,562.91,45.88,488.65,562.84,0.0
shuffled,0,49,decode,16,16,44.13002170622349,482.31001710519195,560.71,46.42,485.74,560.81,0.0
shuffled,0,50,decode,16,16,43.370004277676344,480.10004684329033,556.69,45.61,483.29,556.73,0.0
shuffled,0,51,decode,16,16,42.99997817724943,482.1200272999704,558.86,45.27,485.34,558.77,0.0
shuffled,0,52,decode,16,16,43.69998350739479,504.9399915151298,584.27,46.13,494.17,569.53,0.0
shuffled,0,53,decode,16,16,44.11995178088546,493.4400203637779,573.26,46.56,497.66,573.02,0.0
shuffled,0,54,decode,16,16,42.98001294955611,487.71995352581143,567.45,45.76,491.69,567.31,0.0
shuffled,0,55,decode,16,16,42.87995398044586,479.9599992111325,557.64,45.1,483.46,557.45,0.0
shuffled,0,56,decode,16,16,43.519947212189436,486.3099893555045,564.03,45.86,489.92,563.76,0.0
shuffled,0,57,decode,16,16,43.689971789717674,481.1299731954932,559.04,45.98,484.5,564.0,0.0
shuffled,0,58,decode,16,16,43.120002374053,498.17998660728335,574.97,45.47,488.94,562.13,0.0
shuffled,0,59,decode,16,16,43.320003896951675,478.5400233231485,557.05,45.87,482.26,556.9,0.0
shuffled,0,60,decode,16,16,43.47000503912568,475.7699789479375,553.46,46.16,479.25,553.26,0.0
shuffled,0,61,decode,16,16,44.000043999403715,474.239990580827,551.7,46.21,478.08,551.91,0.0
shuffled,0,62,decode,16,16,43.35999255999923,484.71003537997603,562.42,45.77,488.29,562.26,0.0
shuffled,0,63,decode,16,16,42.44997398927808,479.23997044563293,555.91,44.74,482.9,555.54,0.0
shuffled,0,64,decode,15,15,123.05995915085077,523.340015206486,683.73,125.53,514.82,671.02,0.0
shuffled,0,65,decode,15,15,43.38996950536966,508.4599833935499,588.77,46.07,512.04,588.82,0.0
shuffled,0,66,decode,15,15,41.70997999608517,509.1800121590495,588.22,44.15,512.95,588.18,0.0
shuffled,0,67,decode,15,15,41.899969801306725,512.6900505274534,591.09,44.47,516.53,590.84,0.0
shuffled,0,68,decode,15,15,42.619998566806316,508.78000911325216,588.7,44.98,512.64,588.58,0.0
shuffled,0,69,decode,14,14,121.6000528074801,511.47997146472335,670.28,124.08,515.14,670.25,0.0
shuffled,0,70,decode,14,14,40.62999505549669,518.259999807924,595.5,42.94,522.08,595.41,0.0
shuffled,0,71,decode,13,13,112.80004400759935,521.1799871176481,671.26,115.48,525.26,671.07,0.0
shuffled,0,72,decode,12,12,109.05001545324922,510.9499907121062,657.99,111.68,514.67,657.49,0.0
shuffled,0,73,decode,12,12,38.82998134940863,520.0600135140121,595.49,40.92,523.79,595.4,0.0
shuffled,0,74,decode,11,11,109.00996858254075,515.640014782548,661.85,111.38,519.52,661.26,0.0
shuffled,0,75,decode,11,11,37.7800315618515,528.2199708744884,603.62,40.03,523.26,594.72,0.0
shuffled,0,76,decode,10,10,106.97997640818357,511.4200175739825,656.29,109.68,515.01,655.91,0.0
shuffled,0,77,decode,10,10,35.789969842880964,505.83999836817384,577.66,38.14,509.58,577.75,0.0
shuffled,0,78,decode,10,10,34.4999716617167,511.7499968037009,581.91,36.62,515.61,581.48,0.0
shuffled,0,79,decode,10,10,34.18000414967537,508.6800083518028,578.63,36.81,512.44,578.16,0.0
shuffled,0,80,decode,10,10,33.769989386200905,515.2199883013964,584.54,36.06,518.93,584.39,0.0
shuffled,0,81,decode,10,10,35.13001138344407,515.4700484126806,588.97,37.75,519.23,588.65,0.0
shuffled,0,82,decode,9,9,112.85999789834023,506.2699783593416,656.06,115.35,510.01,655.99,0.0
shuffled,0,83,decode,8,8,102.14000940322876,507.4700457043946,646.68,104.9,511.24,646.51,0.0
shuffled,0,84,decode,8,8,32.38004865124822,513.400009367615,583.4,35.16,516.9,583.0,0.0
shuffled,0,85,decode,7,7,89.8299622349441,502.3200064897537,629.38,92.02,506.1,634.99,0.0
shuffled,0,86,decode,7,7,30.890048947185278,531.709985807538,600.4,33.23,521.08,585.76,0.0
shuffled,0,87,decode,7,7,30.819966923445463,511.2199578434229,579.98,33.28,515.31,579.85,0.0
shuffled,0,88,decode,6,6,89.77996185421944,502.3899720981717,628.24,92.11,505.58,628.0,0.0
shuffled,0,89,decode,6,6,28.05003896355629,508.26999358832836,572.96,30.47,512.34,572.98,0.0
shuffled,0,90,decode,6,6,28.170004952698946,502.62000877410173,567.06,30.75,506.17,566.82,0.0
shuffled,0,91,decode,6,6,29.130023904144764,504.429975990206,569.41,31.4,508.12,569.25,0.0
shuffled,0,92,decode,6,6,49.31999137625098,512.7700278535485,598.87,32.0,516.82,578.61,0.0
shuffled,0,93,decode,6,6,29.430026188492775,504.01000771671534,570.63,31.78,507.65,570.49,0.0
shuffled,0,94,decode,6,6,28.449983801692724,500.4700506106019,563.83,30.99,504.01,563.83,0.0
shuffled,0,95,decode,6,6,28.570007998496294,500.50002755597234,563.55,30.66,503.96,563.65,0.0
shuffled,0,96,decode,6,6,28.499984182417393,503.8399831391871,568.2,30.67,507.57,567.66,0.0
shuffled,0,97,decode,5,5,89.69003101810813,499.27004147320986,639.8,92.13,503.44,628.55,0.0
shuffled,0,98,decode,5,5,26.720052119344473,511.04999147355556,575.23,29.24,514.78,574.68,0.0
shuffled,0,99,decode,4,4,85.92999074608088,496.4399849995971,617.94,88.39,500.03,617.74,0.0
shuffled,0,100,decode,3,3,81.33001392707229,496.5199623256922,614.25,83.51,500.38,614.39,0.0
shuffled,0,101,decode,3,3,23.930042516440153,509.4099906273186,568.48,26.32,513.33,568.4,0.0
shuffled,0,102,decode,3,3,23.329979740083218,504.53003495931625,562.26,25.74,507.82,561.93,0.0
shuffled,0,103,decode,3,3,23.710017558187246,524.8499801382422,583.66,25.96,514.79,569.55,0.0
shuffled,0,104,decode,3,3,23.300002794712782,505.029980558902,564.6,25.95,508.64,566.87,0.0
shuffled,0,105,decode,2,2,83.62001972272992,497.6100171916187,616.08,86.1,501.12,615.8,0.0
shuffled,0,106,decode,2,2,21.159998141229153,500.30002603307366,555.82,23.45,503.79,555.72,0.0
shuffled,0,107,decode,2,2,21.140032913535833,494.21004951000214,549.97,23.37,497.87,549.53,0.0
shuffled,0,108,decode,1,1,79.37999907881021,490.06997141987085,603.34,81.82,493.76,603.29,0.0
shuffled,0,109,decode,1,1,19.390019588172436,513.6200343258679,568.9,21.66,505.29,556.53,0.0
shuffled,0,110,drain,0,0,77.71,0.0,81.09,76.98,0.0,80.41,0.0
shuffled,1,0,prefill,1,1024,280.95999732613564,756.5299747511744,1116.23,285.02,761.42,1111.88,0.0
shuffled,1,1,decode,1,1,44.429965782910585,511.8200206197798,593.08,46.95,515.5,592.48,0.0
shuffled,1,2,decode,1,1,20.130013581365347,485.8799511566758,539.08,22.33,489.33,539.25,0.0
shuffled,1,3,decode,1,1,20.41005063802004,482.1399925276637,535.21,22.63,485.75,535.22,0.0
shuffled,1,4,decode,1,1,18.7899568118155,483.0200341530144,533.15,21.01,486.25,533.2,0.0
shuffled,1,5,mixed,2,1025,224.30997341871262,577.889964915812,849.86,227.39,582.11,851.15,0.0
shuffled,1,6,decode,2,2,44.779968447983265,498.6400017514825,579.75,47.1,502.62,579.35,0.0
shuffled,1,7,mixed,3,1026,242.25999368354678,595.5600063316524,888.81,245.41,600.0,886.86,0.0
shuffled,1,8,mixed,4,515,236.7800334468484,579.6699551865458,866.01,239.79,584.0,864.71,0.0
shuffled,1,9,decode,4,4,47.27003397420049,522.3099724389613,605.75,49.36,519.65,599.17,0.0
shuffled,1,10,mixed,5,516,224.79001199826598,576.250022277236,850.41,227.59,580.1,848.24,0.0
shuffled,1,11,decode,5,5,49.01998909190297,504.83999075368047,589.97,51.34,508.37,589.77,0.0
shuffled,1,12,mixed,6,517,216.92999871447682,586.3399710506201,852.79,220.14,590.36,850.87,0.0
shuffled,1,13,decode,6,6,51.54998507350683,534.0899806469679,623.51,53.9,528.57,613.62,0.0
shuffled,1,14,decode,6,6,29.94999522343278,507.7099776826799,574.26,32.24,511.6,574.08,0.0
shuffled,1,15,decode,6,6,28.279959224164486,503.94004210829735,567.96,30.47,507.58,567.79,0.0
shuffled,1,16,decode,6,6,28.470007237046957,500.50998106598854,564.43,30.61,504.08,564.34,0.0
shuffled,1,17,decode,6,6,28.920010663568974,500.9900196455419,565.61,31.15,504.52,565.56,0.0
shuffled,1,18,mixed,7,1030,255.00997435301542,623.2699961401522,931.69,258.01,617.83,919.37,0.0
shuffled,1,19,mixed,8,1031,265.7899749465287,605.389999691397,922.71,268.88,609.54,928.01,0.0
shuffled,1,20,decode,8,8,55.49000343307853,518.6399794183671,611.09,57.72,522.2,610.84,0.0
shuffled,1,21,mixed,9,520,255.34001179039478,610.7900408096611,917.19,258.36,602.01,901.82,0.0
shuffled,1,22,decode,9,9,57.28000542148948,519.1200179979205,615.16,59.82,522.97,614.84,0.0
shuffled,1,23,decode,9,9,34.190015867352486,519.7600112296641,592.94,36.49,523.37,592.66,0.0
shuffled,1,24,mixed,10,521,253.20996064692736,594.1599956713617,899.22,256.27,598.2,897.05,0.0
shuffled,1,25,decode,10,10,56.010030675679445,532.9300183802843,626.57,58.37,529.35,619.73,0.0
shuffled,1,26,decode,10,10,36.36995097622275,514.7100309841335,589.37,38.86,518.52,589.24,0.0
shuffled,1,27,decode,10,10,34.540018532425165,509.0499762445688,580.12,37.21,512.4,580.08,0.0
shuffled,1,28,decode,10,10,34.44001777097583,507.8700487501919,576.67,36.68,511.17,576.83,0.0
shuffled,1,29,decode,10,10,35.139964893460274,510.5799646116793,581.86,37.71,514.27,582.05,0.0
shuffled,1,30,decode,10,10,36.15999594330788,505.20000513643026,577.22,38.39,508.68,577.02,0.0
shuffled,1,31,decode,10,10,34.81999738141894,522.8400113992393,593.37,36.97,518.57,585.27,0.0
shuffled,1,32,decode,10,10,34.43000605329871,507.9400143586099,579.03,36.65,511.47,578.73,0.0
shuffled,1,33,mixed,11,1034,274.4300290942192,614.0100304037333,941.32,277.63,618.42,939.01,0.0
shuffled,1,34,decode,11,11,61.19004683569074,524.5200009085238,623.37,63.47,527.94,623.33,0.0
shuffled,1,35,mixed,12,523,266.5499923750758,601.1499790474772,919.81,263.45,605.32,911.1,0.0
shuffled,1,36,mixed,13,1036,284.97003950178623,612.2500053606927,949.17,288.25,616.5,947.34,0.0
shuffled,1,37,decode,13,13,65.18000736832619,527.9600154608488,630.94,67.5,531.62,630.66,0.0
shuffled,1,38,decode,13,13,40.229992009699345,509.9099944345653,588.45,42.55,513.34,588.39,0.0
shuffled,1,39,decode,13,13,40.929997339844704,536.6100231185555,616.54,43.65,528.9,604.21,0.0
shuffled,1,40,decode,13,13,40.42999353259802,507.75002455338836,585.91,43.08,511.2,585.95,0.0
shuffled,1,41,mixed,14,525,250.63002249225974,587.9699601791799,890.8,253.69,592.34,895.31,0.0
shuffled,1,42,decode,14,14,64.51999070122838,521.469977684319,624.33,66.82,525.14,624.12,0.0
shuffled,1,43,decode,14,14,41.350023820996284,524.5000356808305,601.77,43.56,519.05,592.25,0.0
shuffled,1,44,mixed,15,526,257.2700032033026,595.1799685135484,905.47,260.25,599.72,903.29,0.0
shuffled,1,45,decode,15,15,65.88996620848775,519.8500002734363,624.21,68.07,523.58,623.8,0.0
shuffled,1,46,mixed,16,1039,268.83999817073345,614.2199854366481,934.68,271.76,618.21,932.76,0.0
shuffled,1,47,decode,16,16,70.20001066848636,525.1399707049131,636.66,72.72,528.9,636.48,0.0
shuffled,1,48,decode,16,16,45.57002102956176,509.4499792903662,592.47,47.87,513.07,592.11,0.0
shuffled,1,49,decode,16,16,44.54003646969795,505.27002895250916,585.52,46.75,508.93,585.29,0.0
shuffled,1,50,decode,16,16,45.09999416768551,506.51998026296496,587.68,47.32,509.85,587.39,0.0
shuffled,1,51,decode,16,16,44.88998092710972,508.2899588160217,589.57,47.16,511.72,589.41,0.0
shuffled,1,52,decode,16,16,43.580017518252134,515.9800057299435,595.97,45.65,510.92,586.92,0.0
shuffled,1,53,decode,16,16,45.06000550463796,500.9699962101877,581.28,47.17,504.46,581.07,0.0
shuffled,1,54,decode,16,16,44.38997711986303,498.91998060047626,579.25,46.64,502.35,578.84,0.0
shuffled,1,55,decode,16,16,44.82996882870793,496.9500005245209,576.05,46.98,500.29,576.05,0.0
shuffled,1,56,decode,16,16,44.01995101943612,495.10999815538526,574.14,46.2,498.56,573.97,0.0
shuffled,1,57,decode,16,16,44.49998959898949,493.05998254567385,571.86,46.63,496.54,571.65,0.0
shuffled,1,58,decode,16,16,44.29998807609081,501.8099909648299,581.65,46.76,493.71,569.66,0.0
shuffled,1,59,decode,16,16,44.460000935941935,501.6400245949626,580.91,46.66,505.16,580.85,0.0
shuffled,1,60,decode,16,16,45.08002893999219,477.8900183737278,556.68,47.31,481.22,556.65,0.0
shuffled,1,61,decode,16,16,44.38002360984683,480.72001663967967,559.15,46.69,484.24,559.2,0.0
shuffled,1,62,decode,16,16,43.64002961665392,478.35998702794313,555.23,45.89,481.69,555.09,0.0
shuffled,1,63,decode,16,16,43.73001866042614,476.1500167660415,552.93,45.98,479.43,552.78,0.0
shuffled,1,64,decode,15,15,122.929981444031,493.6999757774174,652.19,125.32,490.58,645.25,0.0
shuffled,1,65,decode,15,15,42.51999780535698,480.55005026981235,557.45,44.7,484.17,557.56,0.0
shuffled,1,66,decode,15,15,42.99997817724943,484.62999984622,562.2,45.46,488.1,562.01,0.0
shuffled,1,67,decode,15,15,41.69001476839185,491.0500138066709,567.12,43.82,494.14,567.09,0.0
shuffled,1,68,decode,15,15,42.13000647723675,491.67999532073736,568.75,44.4,495.39,568.84,0.0
shuffled,1,69,decode,14,14,111.25003220513463,478.1099851243198,623.91,113.45,481.49,623.78,0.0
shuffled,1,70,decode,14,14,43.02995512261987,489.1399876214564,571.38,45.77,492.97,569.54,0.0
shuffled,1,71,decode,13,13,108.79000183194876,481.20005521923304,624.7,111.28,484.7,624.64,0.0
shuffled,1,72,decode,12,12,105.58002395555377,482.75996232405305,623.94,107.95,486.34,623.79,0.0
shuffled,1,73,decode,12,12,38.439990021288395,483.1599653698504,555.06,40.69,486.75,555.06,0.0
shuffled,1,74,decode,11,11,103.23000606149435,478.43001084402204,615.43,105.63,481.97,615.37,0.0
shuffled,1,75,decode,11,11,36.92001337185502,499.6000207029283,570.84,39.24,494.3,561.91,0.0
shuffled,1,76,decode,10,10,101.23004904016852,480.71000492200255,616.92,103.57,484.29,616.89,0.0
shuffled,1,77,decode,10,10,34.45998299866915,479.02995720505714,546.79,36.7,482.25,546.79,0.0
shuffled,1,78,decode,10,10,34.949975088238716,480.86000606417656,549.63,37.19,484.23,549.5,0.0
shuffled,1,79,decode,10,10,34.66999623924494,477.010034956038,544.54,37.16,480.35,544.6,0.0
shuffled,1,80,decode,10,10,34.209981095045805,471.9699500128627,539.27,36.37,475.62,539.18,0.0
shuffled,1,81,decode,10,10,33.6199882440269,489.85995817929506,556.18,35.8,482.1,544.93,0.0
shuffled,1,82,decode,9,9,100.71997530758381,478.3900221809745,613.21,102.97,481.95,612.95,0.0
shuffled,1,83,decode,8,8,95.96999734640121,474.239990580827,603.94,98.2,477.73,603.91,0.0
shuffled,1,84,decode,8,8,31.05995710939169,476.6699858009815,540.44,33.3,480.15,540.34,0.0
shuffled,1,85,decode,7,7,83.71996227651834,472.73997915908694,590.14,85.93,476.19,590.05,0.0
shuffled,1,86,decode,7,7,29.37001409009099,477.63000475242734,539.12,31.56,481.02,538.93,0.0
shuffled,1,87,decode,7,7,29.680028092116117,493.19001846015453,556.19,32.01,490.08,549.46,0.0
shuffled,1,88,decode,6,6,83.03998038172722,477.78000589460135,594.43,85.26,481.22,594.23,0.0
shuffled,1,89,decode,6,6,28.240028768777847,474.70995923504233,536.1,30.51,478.06,536.03,0.0
shuffled,1,90,decode,6,6,27.23000943660736,475.4700348712504,534.17,29.34,478.7,534.18,0.0
shuffled,1,91,decode,6,6,27.180009055882692,478.95999159663916,538.67,29.43,482.48,538.66,0.0
shuffled,1,92,decode,6,6,27.72000152617693,472.87001507356763,533.32,29.95,476.37,533.1,0.0
shuffled,1,93,decode,6,6,27.340021915733814,492.6699912175536,552.11,29.46,484.17,539.71,0.0
shuffled,1,94,decode,6,6,27.999980375170708,471.6299590654671,532.35,30.24,475.13,532.08,0.0
shuffled,1,95,decode,6,6,28.00003858283162,472.7000487037003,532.53,30.26,476.14,532.63,0.0
shuffled,1,96,decode,6,6,27.049973141402006,470.8199994638562,529.53,29.19,474.14,536.53,0.0
shuffled,1,97,decode,5,5,79.8700493760407,467.90996566414833,579.78,82.02,471.23,579.81,0.0
shuffled,1,98,decode,5,5,26.240013539791107,475.43999971821904,534.25,28.53,478.75,534.1,0.0
shuffled,1,99,decode,4,4,77.90001109242439,481.5600113943219,592.84,79.99,475.94,583.47,0.0
shuffled,1,100,decode,3,3,75.89999586343765,473.2899833470583,582.5,78.06,476.89,582.5,0.0
shuffled,1,101,decode,3,3,23.110012989491224,475.7099668495357,531.4,25.41,479.23,531.43,0.0
shuffled,1,102,decode,3,3,23.08003604412079,473.7999988719821,528.82,25.2,477.28,528.74,0.0
shuffled,1,103,decode,3,3,23.47002737224102,474.4399921037257,530.41,25.62,477.73,530.35,0.0
shuffled,1,104,decode,3,3,22.449996322393417,476.97999980300665,531.61,24.64,480.22,531.58,0.0
shuffled,1,105,decode,2,2,75.18002530559897,485.45998288318515,594.02,77.29,480.09,584.98,0.0
shuffled,1,106,decode,2,2,21.20999852195382,480.13002378866076,533.33,23.45,483.58,533.1,0.0
shuffled,1,107,decode,2,2,21.270010620355606,476.5000194311142,529.06,23.53,479.93,528.99,0.0
shuffled,1,108,decode,1,1,73.24997568503022,474.4600155390799,580.94,75.42,477.93,580.99,0.0
shuffled,1,109,decode,1,1,18.83995719254017,469.9199926108122,519.91,20.92,473.2,519.75,0.0
shuffled,1,110,drain,0,0,69.66,0.0,72.51,68.8,0.0,72.2,0.0
shuffled,2,0,prefill,1,1024,301.6000264324248,759.5299975946546,1141.65,305.24,753.97,1127.0,0.0
shuffled,2,1,decode,1,1,42.63001028448343,507.16003170236945,584.74,44.7,510.69,584.47,0.0
shuffled,2,2,decode,1,1,19.730010535568,486.55999125912786,539.14,21.88,490.13,539.09,0.0
shuffled,2,3,decode,1,1,19.569997675716877,480.9499951079488,531.95,21.58,484.3,531.98,0.0
shuffled,2,4,decode,1,1,18.550024833530188,468.21997966617346,517.61,20.6,471.56,517.34,0.0
shuffled,2,5,mixed,2,1025,211.31004905328155,575.6299942731857,832.39,214.2,571.59,822.12,0.0
shuffled,2,6,decode,2,2,41.19001096114516,481.3299747183919,555.76,43.5,484.66,555.47,0.0
shuffled,2,7,mixed,3,1026,222.62003039941192,555.8599950745702,824.33,225.56,559.62,822.55,0.0
shuffled,2,8,mixed,4,515,206.86996867880225,548.149982932955,799.9,209.65,552.04,797.98,0.0
shuffled,2,9,decode,4,4,44.56000169739127,494.9099966324866,573.03,46.73,490.88,565.53,0.0
shuffled,2,10,mixed,5,516,201.22004207223654,552.6399472728372,800.19,203.86,556.63,798.52,0.0
shuffled,2,11,decode,5,5,46.81997234001756,486.84998182579875,566.5,49.01,490.3,566.07,0.0
shuffled,2,12,mixed,6,517,207.73004507645965,551.4000076800585,804.39,210.46,555.47,802.58,0.0
shuffled,2,13,decode,6,6,47.81997995451093,500.8599837310612,582.13,50.13,492.61,570.16,0.0
shuffled,2,14,decode,6,6,27.73996675387025,481.07001930475235,541.13,30.01,484.36,541.04,0.0
shuffled,2,15,decode,6,6,27.50998828560114,475.9200382977724,536.1,29.75,479.2,536.1,0.0
shuffled,2,16,decode,6,6,26.550027541816235,468.8200424425304,526.89,28.64,471.91,526.57,0.0
shuffled,2,17,decode,6,6,26.959984097629786,467.97998948022723,526.07,29.0,471.26,525.97,0.0
shuffled,2,18,mixed,7,1030,217.68000442534685,575.3100267611444,837.3,220.38,567.36,823.82,0.0
shuffled,2,19,mixed,8,1031,221.7399887740612,559.8900024779141,826.89,224.44,563.69,825.14,0.0
shuffled,2,20,decode,8,8,50.12005567550659,484.2699854634702,568.59,52.56,488.02,568.68,0.0
shuffled,2,21,mixed,9,520,208.6599706672132,549.6700177900493,804.44,211.5,553.84,802.56,0.0
shuffled,2,22,decode,9,9,53.4200225956738,504.67997789382935,592.08,55.66,500.65,584.19,0.0
shuffled,2,23,decode,9,9,33.04000711068511,485.88000936433673,552.87,35.28,489.3,552.54,0.0
shuffled,2,24,mixed,10,521,208.4299921989441,561.7099814116955,816.51,211.21,565.76,814.64,0.0
shuffled,2,25,decode,10,10,54.65000867843628,493.64997539669275,582.53,56.91,496.89,582.26,0.0
shuffled,2,26,decode,10,10,34.09996861591935,483.8699824176729,551.99,36.7,487.12,551.82,0.0
shuffled,2,27,decode,10,10,34.29001662880182,497.0300360582769,565.3,36.86,490.84,555.92,0.0
shuffled,2,28,decode,10,10,34.53000681474805,486.5200025960803,554.54,36.88,489.81,554.3,0.0
shuffled,2,29,decode,10,10,33.83000148460269,475.1300439238548,540.99,36.05,478.47,540.89,0.0
shuffled,2,30,decode,10,10,33.47999881953001,477.70002856850624,543.47,35.9,480.95,543.32,0.0
shuffled,2,31,decode,10,10,33.769989386200905,479.47000712156296,545.68,35.93,482.76,594.45,0.0
shuffled,2,32,decode,10,10,33.80997804924846,471.8200070783496,537.65,36.14,475.02,537.25,0.0
shuffled,2,33,mixed,11,1034,246.31002452224493,577.750033698976,869.58,239.52,581.71,858.04,0.0
shuffled,2,34,decode,11,11,58.93001798540354,500.550027936697,595.46,61.16,504.06,595.29,0.0
shuffled,2,35,mixed,12,523,213.09999283403158,565.0100065395236,825.17,216.15,568.95,823.2,0.0
shuffled,2,36,mixed,13,1036,250.4499861970544,608.6999783292413,907.98,253.47,598.9,892.13,0.0
shuffled,2,37,decode,13,13,60.9499984420836,500.6700521335006,596.88,63.23,504.15,596.56,0.0
shuffled,2,38,decode,13,13,39.47998629882932,491.09000246971846,563.53,41.69,494.46,563.51,0.0
shuffled,2,39,decode,13,13,38.87002822011709,489.0899872407317,562.75,41.68,492.42,562.75,0.0
shuffled,2,40,decode,13,13,39.15996057912707,483.5299914702773,556.75,41.7,486.63,556.39,0.0
shuffled,2,41,mixed,14,525,225.3999700769782,579.7100020572543,852.39,228.15,576.78,843.45,0.0
shuffled,2,42,decode,14,14,61.249942518770695,499.0000161342323,595.55,63.54,502.49,600.23,0.0
shuffled,2,43,decode,14,14,41.19001096114516,488.2800276391208,563.4,43.37,491.54,563.07,0.0
shuffled,2,44,mixed,15,526,220.89999401941895,557.7999982051551,826.06,223.91,561.68,824.32,0.0
shuffled,2,45,decode,15,15,63.41998232528567,492.5999674014747,590.82,65.61,496.09,590.48,0.0
shuffled,2,46,mixed,16,1039,239.31002942845225,576.3299996033311,863.77,242.12,580.53,862.18,0.0
shuffled,2,47,decode,16,16,66.34998135268688,499.6099742129445,603.48,68.54,503.15,603.34,0.0
shuffled,2,48,decode,16,16,44.689979404211044,501.4499765820801,582.19,47.02,504.94,581.9,0.0
shuffled,2,49,decode,16,16,43.20999141782522,504.08003153279424,581.82,45.37,507.51,581.7,0.0
shuffled,2,50,decode,16,16,44.4399775005877,509.6300155855715,590.26,46.75,512.95,590.06,0.0
shuffled,2,51,decode,16,16,44.61000207811594,508.10002721846104,588.17,46.79,511.47,588.08,0.0
shuffled,2,52,decode,16,16,42.619998566806316,500.0300006940961,578.17,45.29,503.2,577.96,0.0
shuffled,2,53,decode,16,16,43.83997293189168,503.88998351991177,582.09,46.0,507.28,582.05,0.0
shuffled,2,54,decode,16,16,45.460008550435305,506.51002675294876,586.54,47.84,510.04,586.51,0.0
shuffled,2,55,decode,16,16,42.000028770416975,488.7999966740608,564.6,44.14,492.22,564.33,0.0
shuffled,2,56,decode,16,16,43.409992940723896,504.52997675165534,582.1,45.56,500.51,574.48,0.0
shuffled,2,57,decode,16,16,43.15003752708435,500.7800064049661,578.91,45.54,504.03,578.41,0.0
shuffled,2,58,decode,16,16,42.899977415800095,493.0400173179805,569.45,45.26,496.3,569.38,0.0
shuffled,2,59,decode,16,16,42.409985326230526,499.34996059164405,576.16,44.49,502.62,575.82,0.0
shuffled,2,60,decode,16,16,43.41005114838481,496.34999595582485,574.93,46.74,499.78,574.7,0.0
shuffled,2,61,decode,16,16,44.33002322912216,490.8400005660951,569.64,46.61,494.32,569.53,0.0
shuffled,2,62,decode,16,16,43.530017137527466,503.3999914303422,580.4,45.79,497.58,570.73,0.0
shuffled,2,63,decode,16,16,42.73001104593277,487.2300196439028,564.07,44.99,490.9,563.76,0.0
shuffled,2,64,decode,15,15,121.41995830461383,489.26001181825995,646.4,123.67,492.87,646.07,0.0
shuffled,2,65,decode,15,15,41.56999057158828,498.9200388081372,573.61,43.86,502.43,573.58,0.0
shuffled,2,66,decode,15,15,41.910039726644754,495.1999871991575,570.33,44.06,498.51,570.11,0.0
shuffled,2,67,decode,15,15,41.249964851886034,493.26999578624964,567.34,43.5,496.7,567.12,0.0
shuffled,2,68,decode,15,15,41.76999209448695,503.7799710407853,579.33,43.97,499.55,571.38,0.0
shuffled,2,69,decode,14,14,108.59000030905008,486.6899689659476,630.48,110.91,490.15,635.01,0.0
shuffled,2,70,decode,14,14,40.94000905752182,489.11001067608595,563.85,43.15,492.4,563.56,0.0
shuffled,2,71,decode,13,13,102.36998787149787,485.39997078478336,621.76,104.98,488.81,621.62,0.0
shuffled,2,72,decode,12,12,103.69002120569348,487.770012114197,625.96,105.86,491.14,625.7,0.0
shuffled,2,73,decode,12,12,38.40000135824084,481.58998833969235,553.34,40.73,484.96,553.02,0.0
shuffled,2,74,decode,11,11,104.62000500410795,487.4599981121719,627.0,107.0,490.82,626.89,0.0
shuffled,2,75,decode,11,11,36.14998422563076,481.9900495931506,551.01,38.47,485.24,550.45,0.0
shuffled,2,76,decode,10,10,99.70000246539712,478.20998588576913,611.62,102.15,481.74,611.64,0.0
shuffled,2,77,decode,10,10,34.60998414084315,477.6199930347502,545.25,36.88,480.86,544.8,0.0
shuffled,2,78,decode,10,10,33.93000224605203,485.1300036534667,552.19,36.34,488.55,551.81,0.0
shuffled,2,79,decode,10,10,33.45997538417578,495.8700155839324,561.58,35.64,487.45,549.99,0.0
shuffled,2,80,decode,10,10,33.400021493434906,502.4599959142506,570.02,35.74,506.48,569.83,0.0
shuffled,2,81,decode,10,10,34.23995804041624,479.1200044564903,546.19,36.47,482.45,546.31,0.0
shuffled,2,82,decode,9,9,99.01996236294508,476.19000542908907,608.32,101.34,479.46,608.34,0.0
shuffled,2,83,decode,8,8,94.70002260059118,473.68003288283944,602.21,97.01,476.81,601.89,0.0
shuffled,2,84,decode,8,8,30.9899915009737,472.95005060732365,535.64,33.2,476.1,535.59,0.0
shuffled,2,85,decode,7,7,79.70997830852866,513.850012794137,626.62,81.78,507.14,616.29,0.0
shuffled,2,86,decode,7,7,30.489987693727016,486.33996630087495,550.65,32.68,489.74,550.53,0.0
shuffled,2,87,decode,7,7,29.679969884455204,469.8599805124104,532.27,31.87,473.14,532.24,0.0
shuffled,2,88,decode,6,6,79.27999831736088,471.7700066976249,583.25,81.47,475.25,583.31,0.0
shuffled,2,89,decode,6,6,27.699978090822697,468.6600295826793,528.29,29.86,472.13,528.06,0.0
shuffled,2,90,decode,6,6,27.130008675158024,468.2400031015277,527.33,29.3,471.6,527.27,0.0
shuffled,2,91,decode,6,6,27.180009055882692,493.6100449413061,552.13,29.18,482.5,537.65,0.0
shuffled,2,92,decode,6,6,27.590023819357157,470.4500315710902,529.84,29.74,473.99,529.76,0.0
shuffled,2,93,decode,6,6,26.98000753298402,468.73994870111346,526.9,29.17,472.16,526.81,0.0
shuffled,2,94,decode,6,6,27.740024961531162,467.7899996750057,526.92,29.96,471.0,526.8,0.0
shuffled,2,95,decode,6,6,27.379952371120453,476.11002810299397,535.99,29.69,479.55,535.79,0.0
shuffled,2,96,decode,6,6,28.040027245879173,476.54000809416175,536.33,30.32,479.79,536.22,0.0
shuffled,2,97,decode,5,5,79.27999831736088,471.79003013297915,597.29,81.36,475.07,584.33,0.0
shuffled,2,98,decode,5,5,26.359979528933764,478.74997835606337,537.04,28.52,482.0,542.7,0.0
shuffled,2,99,decode,4,4,77.71002128720284,470.9599888883531,581.02,79.93,474.48,580.95,0.0
shuffled,2,100,decode,3,3,73.5200010240078,469.74001452326775,575.54,75.68,473.23,575.45,0.0
shuffled,2,101,decode,3,3,23.06996611878276,471.19002556428313,525.32,25.24,474.71,525.21,0.0
shuffled,2,102,decode,3,3,22.460008040070534,469.9300043284893,523.67,24.62,473.24,523.45,0.0
shuffled,2,103,decode,3,3,22.689986508339643,474.389991723001,529.74,24.9,477.82,529.61,0.0
shuffled,2,104,decode,3,3,23.569969926029444,474.06001249328256,530.21,26.01,477.53,530.19,0.0
shuffled,2,105,decode,2,2,72.15002551674843,464.7200112231076,568.34,74.2,468.1,568.42,0.0
shuffled,2,106,decode,2,2,21.159998141229153,470.60998622328043,523.38,23.34,473.98,523.43,0.0
shuffled,2,107,decode,2,2,20.73001815006137,466.96001663804054,518.07,23.0,470.3,517.88,0.0
shuffled,2,108,decode,1,1,68.82002344354987,462.4599823728204,562.17,70.88,465.69,562.14,0.0
shuffled,2,109,decode,1,1,18.430000636726618,463.1400224752724,511.62,20.58,466.41,511.51,0.0
shuffled,2,110,drain,0,0,68.0,0.0,70.95,67.21,0.0,70.6,0.0
shuffled,3,0,prefill,1,1024,291.5500081144273,742.3100178129971,1106.65,295.37,746.93,1103.04,0.0
shuffled,3,1,decode,1,1,43.17000275477767,504.8700259067118,583.1,45.43,508.25,582.82,0.0
shuffled,3,2,decode,1,1,21.08997432515025,485.3400168940425,540.09,23.27,488.92,539.95,0.0
shuffled,3,3,decode,1,1,19.98001243919134,486.90999392420053,539.23,22.05,483.28,532.13,0.0
shuffled,3,4,decode,1,1,19.76999919861555,478.65003580227494,531.3,21.91,482.01,531.02,0.0
shuffled,3,5,mixed,2,1025,211.7300173267722,581.4300384372473,841.81,215.0,586.26,839.95,0.0
shuffled,3,6,decode,2,2,45.03002855926752,514.6299954503775,594.37,47.15,518.25,594.64,0.0
shuffled,3,7,mixed,3,1026,227.63997549191117,615.7300085760653,892.66,230.69,611.31,881.47,0.0
shuffled,3,8,mixed,4,515,247.0299950800836,581.479980610311,878.32,249.87,585.49,875.97,0.0
shuffled,3,9,decode,4,4,47.59000148624182,506.4900033175945,590.22,49.72,509.99,589.96,0.0
shuffled,3,10,mixed,5,516,220.39003670215607,573.6399907618761,842.02,223.37,577.68,840.14,0.0
shuffled,3,11,decode,5,5,49.47994602844119,526.2700142338872,611.54,51.9,519.87,601.13,0.0
shuffled,3,12,mixed,6,517,226.8400276079774,583.2100287079811,860.01,229.77,587.74,858.22,0.0
shuffled,3,13,decode,6,6,51.870010793209076,518.0499865673482,606.07,54.11,521.52,605.81,0.0
shuffled,3,14,decode,6,6,29.499991796910763,509.66994604095817,576.28,31.92,513.29,582.34,0.0
shuffled,3,15,decode,6,6,29.76000541821122,501.53001211583614,566.78,32.04,504.92,566.69,0.0
shuffled,3,16,decode,6,6,47.850015107542276,507.44001055136323,591.39,33.32,511.08,574.02,0.0
shuffled,3,17,decode,6,6,29.88002961501479,501.89998000860214,566.81,32.07,505.69,566.71,0.0
shuffled,3,18,mixed,7,1030,251.66000705212355,604.5399932190776,907.76,254.89,608.71,905.27,0.0
shuffled,3,19,mixed,8,1031,256.1599831096828,623.030005954206,930.34,259.11,615.77,916.63,0.0
shuffled,3,20,decode,8,8,55.27999019250274,516.5300099179149,609.2,57.59,520.08,609.02,0.0
shuffled,3,21,mixed,9,520,244.07001910731196,584.9800072610378,879.62,247.08,589.12,877.91,0.0
shuffled,3,22,decode,9,9,58.3200016990304,519.980036187917,615.61,60.62,523.61,615.56,0.0
shuffled,3,23,decode,9,9,33.86999014765024,503.7499940954149,573.99,36.04,507.19,573.99,0.0
shuffled,3,24,mixed,10,521,244.71001233905554,591.869989875704,888.26,247.74,595.99,885.91,0.0
shuffled,3,25,decode,10,10,58.27000131830573,522.219983395189,617.5,60.37,526.03,617.1,0.0
shuffled,3,26,decode,10,10,35.680015571415424,510.1200076751411,582.24,37.97,513.53,582.05,0.0
shuffled,3,27,decode,10,10,37.28998126462102,503.5400390625,576.96,39.62,506.97,576.82,0.0
shuffled,3,28,decode,10,10,35.179953556507826,519.0100055187941,589.93,37.53,512.12,579.48,0.0
shuffled,3,29,decode,10,10,35.92000575736165,504.44999942556024,575.57,38.15,507.87,575.67,0.0
shuffled,3,30,decode,10,10,33.329997677356005,501.4100461266935,570.09,35.49,505.01,570.22,0.0
shuffled,3,31,decode,10,10,35.57000309228897,501.0800086893141,572.56,37.69,504.46,572.45,0.0
shuffled,3,32,decode,10,10,34.280004911124706,505.77998626977205,574.55,36.46,509.13,574.47,0.0
shuffled,3,33,mixed,11,1034,261.4099648781121,620.9200364537537,934.06,264.46,612.64,919.5,0.0
shuffled,3,34,decode,11,11,61.60000339150429,519.969966262579,619.25,64.14,523.43,619.15,0.0
shuffled,3,35,mixed,12,523,244.85000176355243,590.3599667362869,884.59,247.75,594.24,882.98,0.0
shuffled,3,36,mixed,13,1036,267.1199617907405,613.2999551482499,932.13,270.08,609.22,921.89,0.0
shuffled,3,37,decode,13,13,63.69996117427945,515.4699902050197,615.81,65.93,518.95,615.62,0.0
shuffled,3,38,decode,13,13,41.34996561333537,502.28001782670617,579.8,43.57,505.57,579.72,0.0
shuffled,3,39,decode,13,13,39.89000106230378,505.71002066135406,581.74,42.36,509.26,581.54,0.0
shuffled,3,40,decode,13,13,39.470032788813114,503.5600042901933,579.53,41.75,507.02,579.48,0.0
shuffled,3,41,mixed,14,525,251.31000438705087,615.0999688543379,919.24,254.36,609.81,907.75,0.0
shuffled,3,42,decode,14,14,65.53001003339887,525.2400296740234,628.78,67.73,528.8,628.78,0.0
shuffled,3,43,decode,14,14,42.650033719837666,511.26000471413136,591.29,44.84,514.9,591.23,0.0
shuffled,3,44,mixed,15,526,244.73998928442597,589.8200324736536,885.96,247.66,593.91,883.78,0.0
shuffled,3,45,decode,15,15,66.69003050774336,530.5000231601298,635.18,68.99,520.63,621.87,0.0
shuffled,3,46,mixed,16,1039,266.27001352608204,598.8500197418034,915.32,269.3,602.87,913.51,0.0
shuffled,3,47,decode,16,16,67.55994400009513,513.2000078447163,618.25,69.93,516.76,618.08,0.0
shuffled,3,48,decode,16,16,45.57002102956176,507.7300011180341,590.89,47.84,511.01,590.71,0.0
shuffled,3,49,decode,16,16,44.93998130783439,503.3299676142633,583.91,47.09,506.76,583.93,0.0
shuffled,3,50,decode,16,16,44.729968067258596,511.7399850860238,592.88,46.99,509.38,586.4,0.0
shuffled,3,51,decode,16,16,44.7999918833375,498.3600229024887,577.66,46.92,501.82,577.6,0.0
shuffled,3,52,decode,16,16,43.67996007204056,492.5300017930567,570.41,45.81,495.86,570.33,0.0
shuffled,3,53,decode,16,16,44.639979023486376,485.8699976466596,565.37,46.83,489.17,565.37,0.0
shuffled,3,54,decode,16,16,43.69002999737859,489.03998686000705,566.73,45.73,492.38,566.73,0.0
shuffled,3,55,decode,16,16,43.23996836319566,486.5300143137574,563.77,45.39,490.04,563.59,0.0
shuffled,3,56,decode,16,16,43.24002657085657,502.18997057527304,579.13,45.3,493.91,567.14,0.0
shuffled,3,57,decode,16,16,43.919950257986784,486.69998068362474,565.13,45.92,490.0,565.07,0.0
shuffled,3,58,decode,16,16,43.79998426884413,483.40001376345754,560.86,46.06,486.76,560.64,0.0
shuffled,3,59,decode,16,16,42.36004315316677,478.9700033143163,553.65,44.42,482.17,553.72,0.0
shuffled,3,60,decode,16,16,42.989966459572315,480.8399826288223,556.58,44.98,484.1,562.41,0.0
shuffled,3,61,decode,16,16,42.90998913347721,475.66997818648815,551.84,44.94,478.97,551.91,0.0
shuffled,3,62,decode,16,16,44.32996502146125,492.8699927404523,578.91,46.46,496.54,572.34,0.0
shuffled,3,63,decode,16,16,43.94003190100193,479.89003360271454,557.5,46.01,483.28,557.32,0.0
shuffled,3,64,decode,15,15,120.08997146040201,475.2799868583679,630.26,122.34,478.73,630.23,0.0
shuffled,3,65,decode,15,15,43.79998426884413,479.4899723492563,556.92,45.81,483.03,557.03,0.0
shuffled,3,66,decode,15,15,42.700034100562334,480.7499935850501,556.95,44.95,483.97,556.97,0.0
shuffled,3,67,decode,15,15,42.85003524273634,482.5899959541857,559.2,45.01,485.81,558.96,0.0
shuffled,3,68,decode,15,15,42.510044295340776,487.78997734189034,564.94,44.93,491.01,564.88,0.0
shuffled,3,69,decode,14,14,113.73998131603003,481.4600106328726,629.14,115.82,484.74,629.1,0.0
shuffled,3,70,decode,14,14,41.319988667964935,479.52996101230383,554.9,43.46,483.02,554.83,0.0
shuffled,3,71,decode,13,13,111.29002086818218,482.68004320561886,628.91,113.32,486.01,628.81,0.0
shuffled,3,72,decode,12,12,107.32997907325625,485.0500263273716,626.85,109.45,488.24,626.57,0.0
shuffled,3,73,decode,12,12,38.23998849838972,504.67002438381314,577.41,40.71,497.67,566.79,0.0
shuffled,3,74,decode,11,11,107.3699677363038,484.4600334763527,627.13,109.62,487.71,626.78,0.0
shuffled,3,75,decode,11,11,36.320008803159,481.0999962501228,551.83,38.62,484.32,551.61,0.0
shuffled,3,76,decode,10,10,100.45000817626715,481.3100094906986,615.56,102.51,484.6,615.46,0.0
shuffled,3,77,decode,10,10,35.30998947098851,477.680005133152,546.5,37.49,480.89,546.09,0.0
shuffled,3,78,decode,10,10,34.34001700952649,478.88001427054405,545.8,36.47,482.14,545.55,0.0
shuffled,3,79,decode,10,10,35.14997661113739,490.0299827568233,558.61,37.4,486.74,551.77,0.0
shuffled,3,80,decode,10,10,34.43000605329871,481.87997890636325,549.02,36.49,478.94,542.72,0.0
shuffled,3,81,decode,10,10,34.769997000694275,478.2699979841709,546.15,36.89,481.66,545.88,0.0
shuffled,3,82,decode,9,9,104.15998985990882,489.6700265817344,628.33,106.56,493.07,628.28,0.0
shuffled,3,83,decode,8,8,101.16002522408962,492.02999798581004,626.97,103.35,495.56,626.78,0.0
shuffled,3,84,decode,8,8,32.3000131174922,505.91002218425274,572.77,34.58,509.33,572.35,0.0
shuffled,3,85,decode,7,7,84.23998951911926,495.89999252930284,629.34,86.55,496.12,616.82,0.0
shuffled,3,86,decode,7,7,32.52999158576131,497.9200311936438,564.81,35.01,501.11,564.71,0.0
shuffled,3,87,decode,7,7,30.23003228008747,498.31002252176404,562.18,32.27,501.64,562.16,0.0
shuffled,3,88,decode,6,6,84.03003448620439,488.4899826720357,606.25,86.34,491.93,606.0,0.0
shuffled,3,89,decode,6,6,28.44003029167652,492.5999674014747,554.78,30.88,495.98,560.53,0.0
shuffled,3,90,decode,6,6,28.780021239072084,486.0900226049125,547.18,31.17,489.33,546.91,0.0
shuffled,3,91,decode,6,6,28.75999780371785,490.52998656407,553.05,31.1,494.01,552.82,0.0
shuffled,3,92,decode,6,6,27.430010959506035,484.0500187128782,545.63,29.89,487.53,545.52,0.0
shuffled,3,93,decode,6,6,27.679954655468464,478.6400240845978,539.27,29.78,482.1,539.02,0.0
shuffled,3,94,decode,6,6,27.9100495390594,498.7799911759794,561.11,30.04,502.47,560.71,0.0
shuffled,3,95,decode,6,6,27.56004687398672,504.7199665568769,565.49,30.09,508.06,565.24,0.0
shuffled,3,96,decode,6,6,28.009992092847824,500.94001926481724,562.52,30.12,504.14,562.25,0.0
shuffled,3,97,decode,5,5,86.07999188825488,499.79001050814986,621.78,88.64,503.63,621.23,0.0
shuffled,3,98,decode,5,5,27.699978090822697,499.1500172764063,560.77,29.78,502.7,560.62,0.0
shuffled,3,99,decode,4,4,80.95998782664537,503.29003715887666,618.13,83.13,506.66,618.09,0.0
shuffled,3,100,decode,3,3,78.7799945101142,498.1399979442358,611.33,80.98,501.51,610.88,0.0
shuffled,3,101,decode,3,3,23.77002965658903,498.5800478607416,555.63,25.91,501.87,555.14,0.0
shuffled,3,102,decode,3,3,23.48999259993434,513.0500067025423,569.47,25.67,509.08,562.1,0.0
shuffled,3,103,decode,3,3,23.47002737224102,498.0600206181407,555.19,25.83,501.4,554.41,0.0
shuffled,3,104,decode,3,3,24.039996787905693,509.7599932923913,567.3,26.19,513.03,566.95,0.0
shuffled,3,105,decode,2,2,83.63003144040704,507.7300011180341,624.5,85.69,511.18,624.25,0.0
shuffled,3,106,decode,2,2,22.280029952526093,525.50999680534,583.12,24.5,528.92,582.72,0.0
shuffled,3,107,decode,2,2,22.140040528029203,503.79999447613955,558.8,24.22,506.9,558.58,0.0
shuffled,3,108,decode,1,1,75.780029874295,508.6400196887553,618.69,78.02,502.55,608.96,0.0
shuffled,3,109,decode,1,1,20.08001320064068,484.57999946549535,536.47,22.16,487.92,536.22,0.0
shuffled,3,110,drain,0,0,73.67,0.0,77.12,72.94,0.0,76.66,0.0
synth,0,0,prefill,1,1024,226.9100514240563,771.1799698881805,1074.77,230.97,776.05,1071.45,0.0
synth,0,1,decode,1,1,44.34998845681548,534.8100094124675,617.4,46.6,538.49,616.65,0.0
synth,0,2,decode,1,1,21.460000425577164,504.5699654147029,560.64,23.83,508.27,560.77,0.0
synth,0,3,decode,1,1,20.359992049634457,503.0499887652695,557.61,22.52,506.72,557.57,0.0
synth,0,4,decode,1,1,20.280014723539352,520.0399900786579,573.64,22.5,511.19,561.36,0.0
synth,0,5,mixed,2,1025,147.30996917933226,585.1300084032118,780.03,150.22,589.07,777.9,0.0
synth,0,6,decode,2,2,43.79998426884413,510.44998690485954,589.32,46.18,514.08,589.25,0.0
synth,0,7,mixed,3,1026,153.35000352934003,581.4299802295864,781.7,156.28,585.48,779.87,0.0
synth,0,8,mixed,4,515,179.66999439522624,587.5999922864139,816.82,176.48,591.96,808.65,0.0
synth,0,9,decode,4,4,50.95999222248793,530.1799974404275,619.1,53.24,533.8,618.73,0.0
synth,0,10,mixed,5,516,166.30004392936826,605.4900004528463,822.7,169.36,609.41,820.82,0.0
synth,0,11,decode,5,5,52.270013839006424,532.6099926605821,622.26,54.62,536.2,622.27,0.0
synth,0,12,mixed,6,517,168.1600115261972,593.1899650022388,809.9,170.83,597.2,808.07,0.0
synth,0,13,decode,6,6,50.499977078288794,523.2499679550529,611.27,52.85,526.75,611.18,0.0
synth,0,14,decode,6,6,29.76000541821122,514.7400079295039,580.67,32.45,518.04,580.48,0.0
synth,0,15,decode,6,6,29.14003562182188,514.6799958311021,580.04,31.72,518.07,579.88,0.0
synth,0,16,decode,6,6,29.86995968967676,520.8600196056068,587.61,32.34,524.31,587.71,0.0
synth,0,17,decode,6,6,29.749993700534105,528.0700279399753,594.2,32.43,525.87,587.93,0.0
synth,0,18,mixed,7,1030,180.38996495306492,621.2599691934884,855.66,183.86,625.41,853.25,0.0
synth,0,19,mixed,8,1031,189.23997413367033,613.1799891591072,855.0,192.53,617.32,852.74,0.0
synth,0,20,decode,8,8,55.819982662796974,550.170021597296,644.26,58.13,540.54,630.74,0.0
synth,0,21,mixed,9,520,180.39997667074203,598.9400087855756,831.96,183.54,602.8,829.47,0.0
synth,0,22,decode,9,9,56.69001257047057,527.1299742162228,620.85,58.99,530.73,620.65,0.0
synth,0,23,decode,9,9,35.9599944204092,515.2300000190735,587.32,38.26,518.64,587.36,0.0
synth,0,24,mixed,10,521,181.14002887159586,614.1700432635844,848.46,184.43,611.81,838.84,0.0
synth,0,25,decode,10,10,59.94999082759023,531.7399627529085,630.06,62.27,535.37,630.22,0.0
synth,0,26,decode,10,10,36.67996497824788,513.9000131748617,588.38,38.85,517.47,588.12,0.0
synth,0,27,decode,10,10,36.15999594330788,516.6599876247346,589.5,38.44,520.25,589.52,0.0
synth,0,28,decode,10,10,35.770004615187645,515.0799988768995,589.01,38.09,518.53,588.72,0.0
synth,0,29,decode,10,10,35.98997136577964,526.1999904178083,599.67,38.24,519.15,588.34,0.0
synth,0,30,decode,10,10,35.27995431795716,517.0800141058862,588.75,37.41,520.64,588.27,0.0
synth,0,31,decode,10,10,36.07996040955186,506.7499587312341,579.39,38.3,510.18,579.22,0.0
synth,0,32,decode,10,10,36.070006899535656,510.02000691369176,582.4,38.38,513.39,582.03,0.0
synth,0,33,mixed,11,1034,190.49999536946416,615.2800051495433,859.95,193.31,619.78,857.39,0.0
synth,0,34,decode,11,11,60.69004302844405,545.8500236272812,645.06,63.11,538.34,633.9,0.0
synth,0,35,mixed,12,523,182.67001723870635,596.2399882264435,830.85,185.77,600.45,828.59,0.0
synth,0,36,mixed,13,1036,192.11001927033067,614.2799975350499,860.54,195.03,618.61,858.01,0.0
synth,0,37,decode,13,13,65.54997526109219,543.3600163087249,648.99,67.81,534.68,636.3,0.0
synth,0,38,decode,13,13,41.75002686679363,516.2300076335669,597.64,44.59,519.83,597.52,0.0
synth,0,39,decode,13,13,41.409977711737156,514.230050612241,592.97,44.07,517.84,592.62,0.0
synth,0,40,decode,13,13,41.55997885391116,511.829974129796,590.97,43.81,515.3,590.67,0.0
synth,0,41,mixed,14,525,186.25997472554445,591.9599789194763,833.06,189.42,596.19,830.57,0.0
synth,0,42,decode,14,14,66.98002107441425,536.1799849197268,640.48,69.19,530.31,630.64,0.0
synth,0,43,decode,14,14,42.409985326230526,515.3100355528295,595.45,44.73,518.77,595.5,0.0
synth,0,44,mixed,15,526,182.64999380335212,588.3799749426544,824.54,185.86,592.39,822.11,0.0
synth,0,45,decode,15,15,65.25003118440509,519.2600074224174,623.07,67.57,522.8,622.68,0.0
synth,0,46,mixed,16,1039,202.68996013328433,604.0299776941538,860.29,194.51,608.31,853.63,0.0
synth,0,47,decode,16,16,69.10000229254365,521.400012075901,630.34,71.29,524.9,630.08,0.0
synth,0,48,decode,16,16,45.639986637979746,512.2300353832543,595.71,47.93,515.94,595.63,0.0
synth,0,49,decode,16,16,45.66001007333398,506.8999598734081,589.75,48.02,510.3,589.64,0.0
synth,0,50,decode,16,16,45.01000512391329,528.2700294628739,613.24,47.13,532.21,613.15,0.0
synth,0,51,decode,16,16,46.06001311913133,528.9099644869566,612.41,48.31,519.76,599.19,0.0
synth,0,52,decode,16,16,45.95000064000487,499.85002260655165,582.65,48.16,503.15,582.45,0.0
synth,0,53,decode,16,16,44.639979023486376,498.8699802197516,579.38,46.99,502.3,579.15,0.0
synth,0,54,decode,16,16,45.869965106248856,497.779983561486,579.23,48.32,501.03,579.22,0.0
synth,0,55,decode,16,16,45.09999416768551,497.629982419312,577.54,47.41,501.02,577.53,0.0
synth,0,56,decode,16,16,44.48997788131237,498.11002099886537,577.18,46.79,501.48,577.06,0.0
synth,0,57,decode,16,16,46.06001311913133,500.20997878164053,593.8,48.7,503.59,582.11,0.0
synth,0,58,decode,16,16,45.69004522636533,489.71001524478197,569.97,48.06,492.99,569.97,0.0
synth,0,59,decode,16,16,44.66000245884061,484.2699854634702,563.68,46.98,487.58,563.71,0.0
synth,0,60,decode,16,16,44.30999979376793,492.63000255450606,572.18,46.45,496.16,572.11,0.0
synth,0,61,decode,16,16,44.72001455724239,485.10998021811247,563.42,46.93,488.76,563.45,0.0
synth,0,62,decode,16,16,45.569962821900845,492.5800021737814,586.46,48.14,496.11,575.39,0.0
synth,0,63,decode,16,16,45.04999378696084,490.5500099994242,570.51,47.42,493.96,570.47,0.0
synth,0,64,decode,15,15,127.24997941404581,480.889983009547,642.7,129.57,484.35,642.56,0.0
synth,0,65,decode,15,15,43.37995778769255,482.75996232405305,559.63,45.78,486.06,559.67,0.0
synth,0,66,decode,15,15,43.25999179854989,480.57996900752187,558.3,45.79,484.05,558.26,0.0
synth,0,67,decode,15,15,42.90998913347721,478.1800089403987,555.0,45.29,481.7,554.99,0.0
synth,0,68,decode,15,15,43.23996836319566,490.28999637812376,567.18,45.38,486.04,559.69,0.0
synth,0,69,decode,14,14,114.22001989558339,479.5200075022876,628.29,116.53,482.83,628.2,0.0
synth,0,70,decode,14,14,42.25003067404032,484.4900104217231,561.03,44.46,488.18,561.07,0.0
synth,0,71,decode,13,13,110.23000115528703,479.8599984496832,624.18,112.52,483.24,624.11,0.0
synth,0,72,decode,12,12,106.42001871019602,482.37002920359373,624.03,108.61,486.01,624.09,0.0
synth,0,73,decode,12,12,39.89000106230378,486.7399693466723,560.92,42.06,489.98,560.8,0.0
synth,0,74,decode,11,11,104.68001710250974,497.1800372004509,637.72,106.93,489.79,626.21,0.0
synth,0,75,decode,11,11,37.41000546142459,483.5099680349231,555.58,39.64,486.67,561.75,0.0
synth,0,76,decode,10,10,104.12000119686127,480.54999206215143,618.93,106.38,484.03,618.84,0.0
synth,0,77,decode,10,10,35.83997022360563,486.5200025960803,556.41,38.21,489.89,556.53,0.0
synth,0,78,decode,10,10,35.0800110027194,481.7600129172206,549.76,37.28,485.1,549.79,0.0
synth,0,79,decode,10,10,35.05998756736517,481.7500011995435,549.75,37.36,484.71,549.9,0.0
synth,0,80,decode,10,10,50.830014515668154,477.5900160893798,562.11,39.65,481.11,548.63,0.0
synth,0,81,decode,10,10,36.14003071561456,478.4099874086678,547.66,38.33,481.63,547.56,0.0
synth,0,82,decode,9,9,102.33005741611123,476.4500190503895,612.81,104.6,479.91,612.79,0.0
synth,0,83,decode,8,8,97.69998723641038,472.7899795398116,604.33,100.13,476.27,604.33,0.0
synth,0,84,decode,8,8,32.3700369335711,474.9600193463266,540.69,34.68,478.22,540.57,0.0
synth,0,85,decode,7,7,83.39004125446081,471.5900286100805,589.12,85.66,475.13,589.11,0.0
synth,0,86,decode,7,7,30.719966161996126,481.4600106328726,546.43,33.14,484.76,546.09,0.0
synth,0,87,decode,7,7,29.680028092116117,478.5599885508418,540.66,31.97,481.85,540.51,0.0
synth,0,88,decode,6,6,82.28997467085719,473.5100083053112,589.74,84.53,476.97,589.73,0.0
synth,0,89,decode,6,6,29.520015232264996,479.67000864446163,542.51,31.83,483.09,542.44,0.0
synth,0,90,decode,6,6,28.380018193274736,480.54999206215143,542.14,30.61,484.04,542.04,0.0
synth,0,91,decode,6,6,28.770009521394968,479.0099919773638,541.08,31.0,482.44,541.14,0.0
synth,0,92,decode,6,6,29.1600008495152,486.47995572537184,550.5,31.42,490.05,550.26,0.0
synth,0,93,decode,6,6,28.480018954724073,478.82000217214227,540.31,30.79,482.17,540.38,0.0
synth,0,94,decode,6,6,28.75999780371785,472.15004451572895,533.32,31.0,475.29,533.25,0.0
synth,0,95,decode,6,6,28.14002800732851,476.2699827551842,537.23,30.22,479.88,537.0,0.0
synth,0,96,decode,6,6,28.030015528202057,475.74000200256705,536.33,30.3,479.07,536.36,0.0
synth,0,97,decode,5,5,80.95003431662917,469.66003719717264,583.71,83.16,473.05,583.51,0.0
synth,0,98,decode,5,5,27.590023819357157,478.2699979841709,550.09,30.21,482.1,540.97,0.0
synth,0,99,decode,4,4,77.41997251287103,471.8099953606725,582.85,79.69,475.33,583.09,0.0
synth,0,100,decode,3,3,75.3499916754663,475.07003182545304,584.36,77.6,478.35,584.02,0.0
synth,0,101,decode,3,3,24.749955628067255,476.8799990415573,534.3,27.1,480.0,534.15,0.0
synth,0,102,decode,3,3,24.00000812485814,478.6099889315665,536.74,26.59,481.88,536.69,0.0
synth,0,103,decode,3,3,23.360014893114567,482.6399963349104,539.64,25.76,486.07,539.16,0.0
synth,0,104,decode,3,3,34.53000681474805,486.46004870533943,555.16,28.53,489.95,546.28,0.0
synth,0,105,decode,2,2,75.4200154915452,477.48000361025333,586.96,77.69,481.04,592.32,0.0
synth,0,106,decode,2,2,22.249994799494743,477.9599839821458,533.41,24.51,481.49,533.24,0.0
synth,0,107,decode,2,2,22.220017854124308,480.04998825490475,536.27,24.37,483.61,536.27,0.0
synth,0,108,decode,1,1,75.94999624416232,479.4100532308221,589.52,78.12,483.02,589.48,0.0
synth,0,109,decode,1,1,19.990024156868458,480.1400355063379,534.59,22.26,483.54,534.38,0.0
synth,0,110,drain,0,0,82.55,0.0,86.2,75.43,0.0,79.87,0.0
synth,1,0,prefill,1,1024,237.21001343801618,779.4799748808146,1107.46,241.57,784.38,1104.17,0.0
synth,1,1,decode,1,1,42.38000838086009,513.5300452820957,591.3,44.52,516.98,591.51,0.0
synth,1,2,decode,1,1,21.849991753697395,492.8600392304361,546.8,23.99,496.12,549.88,0.0
synth,1,3,decode,1,1,21.52996603399515,492.4399545416236,547.73,23.96,495.79,547.62,0.0
synth,1,4,decode,1,1,18.120044842362404,473.3799723908305,522.17,20.2,476.75,522.18,0.0
synth,1,5,mixed,2,1025,160.1900439709425,579.5500474050641,785.99,162.75,583.71,784.11,0.0
synth,1,6,decode,2,2,41.02004459127784,487.239973153919,560.53,43.13,490.37,560.45,0.0
synth,1,7,mixed,3,1026,154.08999752253294,581.8700301460922,780.11,156.74,573.24,766.54,0.0
synth,1,8,mixed,4,515,161.42998356372118,547.7200029417872,752.73,164.21,551.37,751.2,0.0
synth,1,9,decode,4,4,43.599982745945454,474.92998419329524,549.82,45.62,478.19,549.67,0.0
synth,1,10,mixed,5,516,148.51999003440142,540.3199465945363,730.11,151.04,544.02,728.69,0.0
synth,1,11,decode,5,5,45.63003312796354,492.34001198783517,570.79,47.8,485.99,560.55,0.0
synth,1,12,mixed,6,517,151.04998601600528,541.949993930757,736.3,153.63,545.84,734.74,0.0
synth,1,13,decode,6,6,47.62003663927317,476.61998542025685,556.86,49.74,480.0,556.71,0.0
synth,1,14,decode,6,6,27.269998099654913,470.499973744154,529.85,29.48,473.8,529.76,0.0
synth,1,15,decode,6,6,26.659981813281775,467.25996071472764,525.17,28.66,470.7,531.23,0.0
synth,1,16,decode,6,6,26.250025257468224,480.2900366485119,537.73,28.42,471.94,526.17,0.0
synth,1,17,decode,6,6,26.600027922540903,476.03005077689886,533.55,28.66,479.23,533.49,0.0
synth,1,18,mixed,7,1030,159.06000044196844,563.8700095005333,766.85,161.57,567.81,765.43,0.0
synth,1,19,mixed,8,1031,170.82004342228174,562.2099852189422,776.82,173.58,566.26,775.24,0.0
synth,1,20,decode,8,8,50.889968406409025,478.95999159663916,562.34,53.05,482.2,562.16,0.0
synth,1,21,mixed,9,520,155.0799934193492,544.1299872472882,742.2,157.67,547.88,740.7,0.0
synth,1,22,decode,9,9,52.29999078437686,478.30998664721847,563.53,54.49,481.63,563.36,0.0
synth,1,23,decode,9,9,31.55000740662217,466.770026832819,529.78,33.7,470.0,529.67,0.0
synth,1,24,mixed,10,521,157.03000826761127,537.8799978643656,738.79,159.74,541.66,737.3,0.0
synth,1,25,decode,10,10,52.99999611452222,491.75997264683247,579.03,55.08,487.97,571.46,0.0
synth,1,26,decode,10,10,33.88000186532736,474.13998981937766,540.27,35.96,477.48,540.27,0.0
synth,1,27,decode,10,10,33.629999961704016,470.730010420084,536.55,35.84,474.02,536.5,0.0
synth,1,28,decode,10,10,33.12999615445733,472.52001240849495,538.21,35.26,475.7,538.15,0.0
synth,1,29,decode,10,10,33.159973099827766,469.9300043284893,534.71,35.27,473.18,534.75,0.0
synth,1,30,decode,10,10,32.72003959864378,471.79003013297915,535.18,34.96,474.87,535.19,0.0
synth,1,31,decode,10,10,33.79001282155514,487.4800215475261,553.38,35.81,477.76,540.33,0.0
synth,1,32,decode,10,10,33.400021493434906,474.089989438653,539.92,35.76,477.51,540.14,0.0
synth,1,33,mixed,11,1034,165.20003555342555,563.1599924527109,774.4,167.76,567.3,772.71,0.0
synth,1,34,decode,11,11,56.26998608931899,482.2100163437426,571.52,58.38,485.65,571.48,0.0
synth,1,35,mixed,12,523,161.2899941392243,540.4200055636466,748.42,164.21,544.16,746.74,0.0
synth,1,36,mixed,13,1036,174.69999147579074,553.8699915632606,772.88,177.38,557.74,771.4,0.0
synth,1,37,decode,13,13,59.02000702917576,478.0599847435951,570.43,61.16,481.33,570.38,0.0
synth,1,38,decode,13,13,38.92002860084176,469.29996460676193,541.46,41.15,472.57,541.33,0.0
synth,1,39,decode,13,13,38.350000977516174,468.6699830926955,538.58,40.51,471.9,543.58,0.0
synth,1,40,decode,13,13,37.84999717026949,471.2300142273307,541.19,40.09,474.51,541.18,0.0
synth,1,41,mixed,14,525,168.43999037519097,548.8399765454233,761.45,171.22,552.58,759.85,0.0
synth,1,42,decode,14,14,60.01000292599201,486.3700014539063,581.46,62.17,490.33,581.37,0.0
synth,1,43,decode,14,14,41.00997466593981,479.45999540388584,553.33,43.23,482.72,553.42,0.0
synth,1,44,mixed,15,526,171.78000416606665,546.499970369041,763.73,174.38,550.19,761.87,0.0
synth,1,45,decode,15,15,61.9000056758523,508.69997357949615,605.69,64.19,498.77,591.77,0.0
synth,1,46,mixed,16,1039,176.30995716899633,569.5900181308389,791.51,179.04,573.35,789.94,0.0
synth,1,47,decode,16,16,64.93000546470284,482.97003377228975,582.03,67.22,486.41,581.91,0.0
synth,1,48,decode,16,16,44.109998270869255,479.9500457011163,558.92,46.65,483.37,558.73,0.0
synth,1,49,decode,16,16,43.10003714635968,469.4800009019673,544.88,45.34,472.76,544.87,0.0
synth,1,50,decode,16,16,43.02995512261987,489.3700242973864,564.96,45.33,481.89,554.03,0.0
synth,1,51,decode,16,16,42.199972085654736,470.76999908313155,545.61,44.43,474.02,545.41,0.0
synth,1,52,decode,16,16,43.370004277676344,468.4599698521197,544.35,45.55,471.7,544.34,0.0
synth,1,53,decode,16,16,42.90998913347721,469.1099748015404,544.54,45.07,472.47,544.47,0.0
synth,1,54,decode,16,16,43.09997893869877,474.3199679069221,549.94,45.31,477.7,549.88,0.0
synth,1,55,decode,16,16,43.14997931942344,502.8300220146775,579.65,45.47,506.4,579.63,0.0
synth,1,56,decode,16,16,43.57000580057502,507.89001397788525,586.0,45.77,505.32,579.42,0.0
synth,1,57,decode,16,16,45.08998245000839,490.5500099994242,569.56,47.32,493.76,569.3,0.0
synth,1,58,decode,16,16,43.22995664551854,491.4399469271302,568.3,45.43,494.66,568.06,0.0
synth,1,59,decode,16,16,43.050036765635014,493.0100403726101,569.55,45.22,496.56,569.48,0.0
synth,1,60,decode,16,16,44.109998270869255,494.720006827265,571.98,46.67,498.06,571.87,0.0
synth,1,61,decode,16,16,43.08001371100545,490.8400005660951,567.49,45.39,494.15,567.52,0.0
synth,1,62,decode,16,16,43.300038669258356,517.509994097054,595.21,45.48,512.07,586.23,0.0
synth,1,63,decode,16,16,44.02996273711324,494.82000758871436,572.25,46.24,498.2,571.95,0.0
synth,1,64,decode,15,15,120.34998508170247,495.11995166540146,649.15,122.52,498.33,649.03,0.0
synth,1,65,decode,15,15,43.17000275477767,496.5200205333531,573.61,45.3,499.89,573.44,0.0
synth,1,66,decode,15,15,42.6099868491292,494.97000873088837,571.43,45.09,498.16,585.74,0.0
synth,1,67,decode,15,15,41.759980376809835,505.17998170107603,582.09,44.34,508.48,581.93,0.0
synth,1,68,decode,15,15,42.76999970898032,510.4399751871824,589.29,45.34,513.82,589.13,0.0
synth,1,69,decode,14,14,108.02998440340161,499.5900089852512,643.44,110.68,503.49,643.29,0.0
synth,1,70,decode,14,14,40.88005516678095,503.31000238657,579.34,43.62,506.86,579.08,0.0
synth,1,71,decode,13,13,107.97998402267694,495.24998757988214,638.98,110.5,498.76,638.8,0.0
synth,1,72,decode,12,12,104.9499842338264,510.14998462051153,651.5,107.42,513.76,651.45,0.0
synth,1,73,decode,12,12,37.84999717026949,530.7199899107218,603.78,40.25,521.35,590.74,0.0
synth,1,74,decode,11,11,108.5299882106483,503.8200179114938,647.0,110.75,507.12,646.68,0.0
synth,1,75,decode,11,11,36.240031477063894,511.33002853021026,582.79,38.88,514.88,582.71,0.0
synth,1,76,decode,10,10,106.61000851541758,528.8799875415862,671.04,108.99,532.37,670.72,0.0
synth,1,77,decode,10,10,34.81999738141894,532.7999824658036,603.03,37.65,536.41,602.81,0.0
synth,1,78,decode,10,10,34.75998528301716,516.5800102986395,586.84,36.9,519.69,586.96,0.0
synth,1,79,decode,10,10,35.680015571415424,515.7499690540135,587.87,38.16,519.72,587.54,0.0
synth,1,80,decode,10,10,34.280004911124706,523.6499710008502,591.88,36.63,527.04,591.61,0.0
synth,1,81,decode,10,10,33.029995393007994,522.5500208325684,589.72,35.77,526.37,589.99,0.0
synth,1,82,decode,9,9,104.85999519005418,524.2900224402547,664.31,106.98,527.59,664.26,0.0
synth,1,83,decode,8,8,100.35000741481781,521.4900011196733,656.81,103.11,524.82,656.81,0.0
synth,1,84,decode,8,8,30.9899915009737,531.5399612300098,595.86,33.53,527.7,588.07,0.0
synth,1,85,decode,7,7,87.14001160115004,531.1699933372438,655.39,89.69,534.71,654.88,0.0
synth,1,86,decode,7,7,30.879979021847248,528.7000094540417,594.65,33.15,532.24,594.56,0.0
synth,1,87,decode,7,7,29.620015993714333,526.8300301395357,590.35,31.9,530.02,590.15,0.0
synth,1,88,decode,6,6,86.240004748106,518.179964274168,640.29,88.52,521.87,640.28,0.0
synth,1,89,decode,6,6,27.67000114545226,511.0899801366031,571.75,29.9,514.33,571.38,0.0
synth,1,90,decode,6,6,27.649977710098028,527.2399866953492,590.97,30.3,530.85,590.44,0.0
synth,1,91,decode,6,6,27.469999622553587,511.2800281494856,573.08,29.71,514.66,573.01,0.0
synth,1,92,decode,6,6,28.42000685632229,518.2099994271994,580.47,30.53,521.62,579.98,0.0
synth,1,93,decode,6,6,28.360052965581417,515.9099819138646,577.82,30.49,519.42,577.44,0.0
synth,1,94,decode,6,6,28.42996036633849,502.13001668453217,563.11,30.57,505.3,568.13,0.0
synth,1,95,decode,6,6,28.03996903821826,529.3199792504311,590.52,30.06,522.25,579.96,0.0
synth,1,96,decode,6,6,27.530011720955372,508.2400166429579,570.49,29.94,511.82,570.08,0.0
synth,1,97,decode,5,5,83.27001705765724,501.18000945076346,618.15,85.48,504.49,618.09,0.0
synth,1,98,decode,5,5,26.150024496018887,506.79000560194254,566.66,28.58,510.34,566.55,0.0
synth,1,99,decode,4,4,79.02004290372133,505.5100191384554,618.8,81.13,508.72,618.42,0.0
synth,1,100,decode,3,3,76.47997699677944,501.289963722229,611.92,78.83,504.94,611.48,0.0
synth,1,101,decode,3,3,22.34999556094408,513.6800464242697,569.61,24.51,508.99,561.8,0.0
synth,1,102,decode,3,3,22.82002242282033,523.1800023466349,578.44,24.96,526.3,577.99,0.0
synth,1,103,decode,3,3,22.449996322393417,510.32000919803977,564.96,24.95,513.61,564.71,0.0
synth,1,104,decode,3,3,22.040039766579866,502.8299638070166,556.74,24.55,506.1,556.7,0.0
synth,1,105,decode,2,2,76.58003596588969,493.3900199830532,602.13,78.59,496.6,602.04,0.0
synth,1,106,decode,2,2,20.490027964115143,496.3199608027935,548.68,22.62,499.8,548.32,0.0
synth,1,107,decode,2,2,21.190033294260502,521.3099648244679,574.87,23.62,513.92,563.91,0.0
synth,1,108,decode,1,1,72.24001456052065,502.7999868616462,610.87,74.41,506.39,610.59,0.0
synth,1,109,decode,1,1,18.919992726296186,501.2699984945357,554.2,21.41,504.73,553.87,0.0
synth,1,110,drain,0,0,73.04,0.0,76.6,72.41,0.0,75.77,0.0
synth,2,0,prefill,1,1024,225.35002790391445,757.0699672214687,1060.51,229.87,762.22,1056.8,0.0
synth,2,1,decode,1,1,45.42001988738775,544.0500099211931,628.33,47.89,536.34,616.25,0.0
synth,2,2,decode,1,1,21.109997760504484,500.35997992381454,555.77,23.28,503.84,555.63,0.0
synth,2,3,decode,1,1,20.230014342814684,486.0199987888336,538.59,22.33,489.2,538.26,0.0
synth,2,4,decode,1,1,20.280014723539352,484.329997561872,536.34,22.38,487.72,536.31,0.0
synth,2,5,mixed,2,1025,153.0300360172987,573.7599567510188,774.37,155.67,577.69,772.36,0.0
synth,2,6,decode,2,2,44.71000283956528,522.7999645285308,603.26,47.04,517.44,593.94,0.0
synth,2,7,mixed,3,1026,153.9100194349885,567.879993468523,767.85,156.45,571.81,765.99,0.0
synth,2,8,mixed,4,515,166.07000725343823,552.2999563254416,764.09,168.75,556.15,762.35,0.0
synth,2,9,decode,4,4,45.530032366514206,486.98001774027944,565.42,47.65,490.34,565.32,0.0
synth,2,10,mixed,5,516,149.03995906934142,550.4399887286127,756.98,151.68,554.84,745.7,0.0
synth,2,11,decode,5,5,46.810018830001354,477.3900145664811,557.14,48.94,480.66,557.18,0.0
synth,2,12,mixed,6,517,148.16998736932874,538.659980520606,731.98,151.06,542.55,730.33,0.0
synth,2,13,decode,6,6,47.2800456918776,476.3700417242944,556.05,49.38,479.83,555.91,0.0
synth,2,14,decode,6,6,28.449983801692724,469.6900141425431,531.0,30.65,472.85,530.9,0.0
synth,2,15,decode,6,6,28.49003067240119,496.0899823345244,557.69,30.68,488.73,546.46,0.0
synth,2,16,decode,6,6,27.920003049075603,471.9700082205236,532.42,30.14,475.22,532.31,0.0
synth,2,17,decode,6,6,28.309994377195835,472.68002526834607,532.37,30.34,475.72,532.49,0.0
synth,2,18,mixed,7,1030,154.61997827515006,563.1900276057422,765.36,157.76,567.25,763.49,0.0
synth,2,19,mixed,8,1031,170.0000138953328,589.5699723623693,806.8,172.85,579.23,790.12,0.0
synth,2,20,decode,8,8,51.870010793209076,489.0100099146366,575.35,53.94,492.44,575.19,0.0
synth,2,21,mixed,9,520,159.69999367371202,552.3199797607958,759.54,162.45,556.06,757.68,0.0
synth,2,22,decode,9,9,52.819959819316864,484.42999832332134,571.15,54.88,487.74,570.96,0.0
synth,2,23,decode,9,9,33.73000072315335,477.35002590343356,545.16,36.23,480.65,545.02,0.0
synth,2,24,mixed,10,521,156.68000560253859,542.2200192697346,743.75,159.66,546.03,742.68,0.0
synth,2,25,decode,10,10,53.75995533540845,481.50995280593634,569.04,56.03,484.99,568.89,0.0
synth,2,26,decode,10,10,35.890028811991215,474.12997810170054,543.21,38.04,477.43,543.0,0.0
synth,2,27,decode,10,10,34.789962228387594,478.6099889315665,546.72,36.91,482.05,546.62,0.0
synth,2,28,decode,10,10,34.84997432678938,474.320026114583,542.27,37.05,477.66,542.22,0.0
synth,2,29,decode,10,10,34.30998185649514,493.819999974221,561.17,36.54,484.02,547.91,0.0
synth,2,30,decode,10,10,35.28996603563428,479.5099957846105,549.69,38.02,483.26,549.34,0.0
synth,2,31,decode,10,10,33.890013583004475,476.3500182889402,542.81,35.99,479.61,542.74,0.0
synth,2,32,decode,10,10,34.119992051273584,473.2899833470583,541.04,36.25,476.81,547.15,0.0
synth,2,33,mixed,11,1034,163.06003089994192,562.8599901683629,772.65,165.85,566.58,770.76,0.0
synth,2,34,decode,11,11,58.290024753659964,502.04998115077615,595.3,60.45,497.35,587.59,0.0
synth,2,35,mixed,12,523,167.4299710430205,554.8900226131082,769.04,170.15,558.62,767.16,0.0
synth,2,36,mixed,13,1036,173.74003073200583,561.3999674096704,781.39,176.28,565.48,779.49,0.0
synth,2,37,decode,13,13,59.710000641644,484.07999565824866,577.21,61.96,487.2,577.26,0.0
synth,2,38,decode,13,13,40.560029447078705,478.3300100825727,552.08,42.71,481.52,551.95,0.0
synth,2,39,decode,13,13,39.16997229680419,482.30000538751483,556.42,41.73,485.87,556.33,0.0
synth,2,40,decode,13,13,39.03999458998442,475.1200322061777,546.81,41.13,478.48,546.71,0.0
synth,2,41,mixed,14,525,165.08001135662198,545.2099721878767,757.28,167.95,549.19,755.37,0.0
synth,2,42,decode,14,14,62.28999700397253,487.20999620854855,584.21,64.35,490.52,584.04,0.0
synth,2,43,decode,14,14,41.78000381216407,491.2500153295696,567.92,44.01,494.7,567.81,0.0
synth,2,44,mixed,15,526,169.20000780373812,555.6499818339944,772.08,172.05,559.54,770.22,0.0
synth,2,45,decode,15,15,62.51997547224164,489.32997742667794,585.59,64.73,492.74,585.65,0.0
synth,2,46,mixed,16,1039,172.75003483518958,568.2000191882253,788.12,175.52,572.11,786.66,0.0
synth,2,47,decode,16,16,66.08001422137022,492.40002408623695,593.27,68.3,495.72,593.21,0.0
synth,2,48,decode,16,16,58.00998769700527,488.9800329692662,583.48,53.22,492.82,576.1,0.0
synth,2,49,decode,16,16,45.2399835921824,478.9099912159145,558.59,47.24,482.16,558.58,0.0
synth,2,50,decode,16,16,44.8700156994164,475.73004849255085,553.31,46.95,479.16,553.17,0.0
synth,2,51,decode,16,16,44.25999941304326,471.2599911727011,548.86,46.44,474.59,548.79,0.0
synth,2,52,decode,16,16,44.109998270869255,472.38002298399806,549.39,46.21,475.65,549.34,0.0
synth,2,53,decode,16,16,44.92996959015727,475.9799921885133,554.32,46.97,479.25,554.35,0.0
synth,2,54,decode,16,16,46.27997986972332,481.28003254532814,577.98,49.13,484.68,564.09,0.0
synth,2,55,decode,16,16,44.639979023486376,475.3300454467535,553.19,46.72,478.66,553.15,0.0
synth,2,56,decode,16,16,44.020009227097034,473.97997695952654,550.65,46.0,477.29,556.43,0.0
synth,2,57,decode,16,16,44.03002094477415,478.59997721388936,555.01,46.14,481.77,554.98,0.0
synth,2,58,decode,16,16,43.459993321448565,473.69999811053276,550.44,45.83,476.79,550.4,0.0
synth,2,59,decode,16,16,43.54002885520458,474.1000011563301,550.23,45.63,477.3,550.22,0.0
synth,2,60,decode,16,16,61.350001487880945,492.33000027015805,588.12,51.72,496.21,575.92,0.0
synth,2,61,decode,16,16,44.69999112188816,478.6200006492436,556.93,46.91,481.8,556.98,0.0
synth,2,62,decode,16,16,44.880027417093515,475.96002696081996,553.96,47.04,479.38,553.94,0.0
synth,2,63,decode,16,16,44.460000935941935,481.3899868167937,559.58,46.97,484.81,559.56,0.0
synth,2,64,decode,15,15,118.33995813503861,475.5699774250388,628.29,120.44,479.13,628.34,0.0
synth,2,65,decode,15,15,42.930012568831444,477.43000322952867,552.82,45.13,480.55,552.79,0.0
synth,2,66,decode,15,15,42.45003219693899,478.9800150319934,555.79,44.87,482.13,555.39,0.0
synth,2,67,decode,15,15,42.21999552100897,488.82002010941505,564.98,44.46,492.07,564.66,0.0
synth,2,68,decode,15,15,42.849977035075426,476.3099714182317,551.75,44.84,479.69,551.81,0.0
synth,2,69,decode,14,14,107.7200286090374,471.9700082205236,612.87,109.84,475.35,612.77,0.0
synth,2,70,decode,14,14,40.45001696795225,475.2599634230137,548.75,42.51,478.53,548.91,0.0
synth,2,71,decode,13,13,103.53000834584236,502.8799641877413,641.51,105.61,495.4,630.45,0.0
synth,2,72,decode,12,12,108.84000221267343,500.8300067856908,647.23,111.15,504.56,647.12,0.0
synth,2,73,decode,12,12,41.490013245493174,504.2699631303549,582.55,43.64,507.72,582.49,0.0
synth,2,74,decode,11,11,106.86001041904092,498.01997374743223,641.06,109.03,501.67,641.02,0.0
synth,2,75,decode,11,11,37.860008887946606,500.51999278366566,573.22,40.07,503.81,573.23,0.0
synth,2,76,decode,10,10,103.24001777917147,494.73001854494214,632.11,105.49,498.15,632.14,0.0
synth,2,77,decode,10,10,34.6400192938745,518.5999907553196,587.64,36.77,507.29,572.62,0.0
synth,2,78,decode,10,10,36.67001146823168,491.6100297123194,563.02,39.34,494.81,562.85,0.0
synth,2,79,decode,10,10,35.209988709539175,491.2699805572629,560.17,37.41,494.71,560.13,0.0
synth,2,80,decode,10,10,35.3700015693903,499.1000168956816,568.48,37.61,502.42,568.5,0.0
synth,2,81,decode,10,10,34.83000909909606,497.4700277671218,565.49,36.84,500.74,565.47,0.0
synth,2,82,decode,9,9,107.03003499656916,498.1300444342196,640.24,109.34,501.62,640.24,0.0
synth,2,83,decode,8,8,104.45999214425683,502.19002878293395,644.73,107.18,505.86,644.43,0.0
synth,2,84,decode,8,8,32.49000292271376,502.25004088133574,568.33,34.74,505.78,568.35,0.0
synth,2,85,decode,7,7,90.59999138116837,502.99998838454485,628.59,92.77,506.41,634.84,0.0
synth,2,86,decode,7,7,31.150004360824823,512.5500028952956,578.48,33.42,515.55,578.44,0.0
synth,2,87,decode,7,7,31.859963200986385,513.4799866937101,582.67,34.01,517.11,582.63,0.0
synth,2,88,decode,6,6,87.34996663406491,529.8200412653387,653.5,89.64,521.32,640.94,0.0
synth,2,89,decode,6,6,29.690039809793234,499.34000708162785,565.18,31.98,502.74,565.04,0.0
synth,2,90,decode,6,6,29.279966838657856,503.8999952375889,567.65,31.3,507.15,567.51,0.0
synth,2,91,decode,6,6,28.89998722821474,494.74003026261926,557.84,30.92,497.92,557.81,0.0
synth,2,92,decode,6,6,27.8400257229805,494.23001473769546,554.98,30.01,497.29,554.94,0.0
synth,2,93,decode,6,6,28.84003333747387,500.23000221699476,563.78,31.26,503.46,563.8,0.0
synth,2,94,decode,6,6,27.920003049075603,513.5699757374823,576.15,30.09,505.23,564.48,0.0
synth,2,95,decode,6,6,29.98998388648033,500.919995829463,566.36,32.17,504.47,565.98,0.0
synth,2,96,decode,6,6,28.349983040243387,497.07997823134065,559.65,30.5,500.89,559.58,0.0
synth,2,97,decode,5,5,90.29003558680415,495.2099989168346,620.95,92.55,498.65,620.95,0.0
synth,2,98,decode,5,5,27.50998828560114,500.3100377507508,562.04,29.73,503.58,562.16,0.0
synth,2,99,decode,4,4,83.76000914722681,490.9700364805758,609.69,85.94,494.39,609.61,0.0
synth,2,100,decode,3,3,79.54001193866134,499.35001879930496,626.17,81.6,504.23,614.43,0.0
synth,2,101,decode,3,3,24.359964299947023,494.74998377263546,553.1,26.61,498.11,553.13,0.0
synth,2,102,decode,3,3,23.800006601959467,494.1300139762461,551.42,25.98,497.3,551.46,0.0
synth,2,103,decode,3,3,23.150001652538776,492.39001236855984,549.07,25.28,495.77,549.05,0.0
synth,2,104,decode,3,3,23.539992980659008,493.2400188408792,550.36,25.69,496.76,550.28,0.0
synth,2,105,decode,2,2,82.78997847810388,495.24998757988214,613.06,84.99,498.67,612.88,0.0
synth,2,106,decode,2,2,22.39999594166875,499.9800003133714,557.37,24.88,503.38,553.34,0.0
synth,2,107,decode,2,2,21.91000385209918,490.6099638901651,545.85,24.17,494.11,545.77,0.0
synth,2,108,decode,1,1,78.6499585956335,485.15998059883714,597.31,80.9,488.6,597.1,0.0
synth,2,109,decode,1,1,19.64997500181198,489.0099517069757,541.65,21.89,492.4,541.53,0.0
synth,2,110,drain,0,0,76.47,0.0,80.56,75.68,0.0,80.23,0.0
synth,3,0,prefill,1,1024,223.82999304682016,763.2299675606191,1064.52,227.68,761.22,1060.67,0.0
synth,3,1,decode,1,1,48.71998680755496,563.5200068354607,654.45,50.85,567.34,654.05,0.0
synth,3,2,decode,1,1,24.919980205595493,531.3300061970949,594.02,27.33,534.94,593.79,0.0
synth,3,3,decode,1,1,23.550004698336124,532.4099911376834,593.66,25.73,536.13,593.38,0.0
synth,3,4,decode,1,1,21.68002538383007,499.3000184185803,555.75,23.76,502.37,555.6,0.0
synth,3,5,mixed,2,1025,166.9899793341756,609.2099938541651,827.73,169.82,613.62,825.74,0.0
synth,3,6,decode,2,2,47.00000863522291,511.53998356312513,596.6,49.14,515.19,596.47,0.0
synth,3,7,mixed,3,1026,164.5000302232802,599.2900114506483,813.77,167.21,603.1,811.53,0.0
synth,3,8,mixed,4,515,172.87000082433224,593.1699997745454,816.92,175.86,589.85,807.64,0.0
synth,3,9,decode,4,4,49.11998985335231,507.8500253148377,593.49,51.49,511.51,593.26,0.0
synth,3,10,mixed,5,516,156.2499674037099,566.6000070050359,773.25,158.9,570.52,771.33,0.0
synth,3,11,decode,5,5,49.200025387108326,493.3399613946676,577.71,51.41,496.76,577.56,0.0
synth,3,12,mixed,6,517,155.06002819165587,572.1999914385378,775.71,157.88,565.64,763.01,0.0
synth,3,13,decode,6,6,50.34997593611479,489.17002277448773,573.86,52.68,492.52,573.76,0.0
synth,3,14,decode,6,6,30.29999788850546,483.6100270040333,548.73,32.72,487.05,548.55,0.0
synth,3,15,decode,6,6,28.729962650686502,488.08002611622214,552.27,31.08,491.34,552.17,0.0
synth,3,16,decode,6,6,29.060000088065863,485.4300059378147,548.85,31.36,488.8,548.9,0.0
synth,3,17,decode,6,6,29.28002504631877,478.7800135090947,541.52,31.42,482.37,541.45,0.0
synth,3,18,mixed,7,1030,160.83999071270227,573.7000028602779,780.94,163.81,577.62,779.36,0.0
synth,3,19,mixed,8,1031,175.4799741320312,578.2299558632076,800.11,178.32,582.13,798.61,0.0
synth,3,20,decode,8,8,54.68999734148383,500.36999164149165,590.42,56.99,503.99,590.33,0.0
synth,3,21,mixed,9,520,160.7199665158987,567.9100286215544,776.88,163.47,564.04,772.72,0.0
synth,3,22,decode,9,9,53.73003659769893,491.37999303638935,580.89,55.92,494.79,580.59,0.0
synth,3,23,decode,9,9,34.60998414084315,481.3999985344708,550.6,36.79,484.71,550.25,0.0
synth,3,24,mixed,10,521,158.32000644877553,549.9100079759955,754.67,161.23,553.86,752.8,0.0
synth,3,25,decode,10,10,56.71998951584101,494.9099966324866,587.16,59.0,498.51,586.68,0.0
synth,3,26,decode,10,10,36.29003185778856,500.89001888409257,572.48,38.54,494.08,561.95,0.0
synth,3,27,decode,10,10,36.19998460635543,486.90004041418433,557.91,38.51,490.31,557.74,0.0
synth,3,28,decode,10,10,35.13001138344407,489.3100121989846,559.08,37.34,492.79,559.03,0.0
synth,3,29,decode,10,10,36.62996459752321,488.68998419493437,560.12,38.89,492.25,560.25,0.0
synth,3,30,decode,10,10,36.73002356663346,493.519997689873,565.1,38.99,496.95,565.13,0.0
synth,3,31,decode,10,10,35.83001671358943,493.05002903565764,563.55,38.14,496.44,563.33,0.0
synth,3,32,decode,10,10,36.22000804170966,505.9399991296232,577.62,38.47,502.28,570.18,0.0
synth,3,33,mixed,11,1034,171.8999701552093,591.2200431339443,810.81,174.85,595.16,808.82,0.0
synth,3,34,decode,11,11,61.07002263888717,506.22003618627787,603.04,63.32,509.57,602.67,0.0
synth,3,35,mixed,12,523,164.86004460603,568.0799949914217,779.94,167.83,572.03,778.14,0.0
synth,3,36,mixed,13,1036,176.96997383609414,573.0999982915819,796.16,179.78,577.16,794.66,0.0
synth,3,37,decode,13,13,62.46997509151697,499.06998174265027,597.78,64.72,502.58,597.3,0.0
synth,3,38,decode,13,13,41.91999323666096,488.0300257354975,565.03,44.25,491.43,564.65,0.0
synth,3,39,decode,13,13,41.38000076636672,485.54001841694117,561.96,43.77,488.99,561.56,0.0
synth,3,40,decode,13,13,41.20997618883848,488.439982291311,564.3,43.43,491.87,563.83,0.0
synth,3,41,mixed,14,525,172.60998720303178,571.0799596272409,791.39,175.59,574.99,789.64,0.0
synth,3,42,decode,14,14,64.6899570710957,501.97000382468104,602.63,67.01,505.41,602.54,0.0
synth,3,43,decode,14,14,42.549974750727415,493.819999974221,572.15,44.78,497.46,572.17,0.0
synth,3,44,mixed,15,526,174.54999033361673,569.6099833585322,793.65,177.31,573.82,791.22,0.0
synth,3,45,decode,15,15,65.20003080368042,521.9400045461953,624.63,67.55,513.57,617.21,0.0
synth,3,46,mixed,16,1039,180.25998724624515,579.5799661427736,809.93,183.25,583.49,808.33,0.0
synth,3,47,decode,16,16,67.08002183586359,511.5799722261727,617.06,69.39,516.17,617.0,0.0
synth,3,48,decode,16,16,46.87003092840314,510.82001300528646,593.78,49.45,514.18,593.59,0.0
synth,3,49,decode,16,16,45.06000550463796,503.5499925725162,584.04,47.16,506.87,583.73,0.0
synth,3,50,decode,16,16,45.84004636853933,521.0899980738759,603.52,48.01,524.62,603.14,0.0
synth,3,51,decode,16,16,46.43999272957444,513.169972691685,596.09,48.77,516.64,595.73,0.0
synth,3,52,decode,16,16,45.24004179984331,505.3799832239747,586.35,47.42,508.97,585.86,0.0
synth,3,53,decode,16,16,44.970016460865736,504.7700251452625,585.56,47.19,508.43,585.31,0.0
synth,3,54,decode,16,16,45.87997682392597,504.09999676048756,585.23,47.98,507.32,585.05,0.0
synth,3,55,decode,16,16,45.760010834783316,510.5400341562927,592.99,47.94,508.39,586.59,0.0
synth,3,56,decode,16,16,45.95000064000487,503.96000733599067,586.31,48.17,507.8,586.06,0.0
synth,3,57,decode,16,16,45.3100074082613,506.1900010332465,587.2,47.58,509.51,587.03,0.0
synth,3,58,decode,16,16,45.87997682392597,531.5099842846394,613.62,48.4,534.81,613.26,0.0
synth,3,59,decode,16,16,46.73999501392245,523.5199932940304,607.73,49.5,526.77,607.29,0.0
synth,3,60,decode,16,16,47.02998558059335,517.5399710424244,601.81,49.52,520.91,601.65,0.0
synth,3,61,decode,16,16,46.46996967494488,545.9000240080059,630.83,49.0,539.15,619.68,0.0
synth,3,62,decode,16,16,45.63003312796354,527.4299765005708,609.68,48.48,530.83,609.42,0.0
synth,3,63,decode,16,16,45.43003160506487,513.6499530635774,598.07,47.97,517.43,597.82,0.0
synth,3,64,decode,15,15,125.50997780635953,509.9200061522424,673.55,128.55,513.79,673.22,0.0
synth,3,65,decode,15,15,46.410015784204006,513.8900014571846,598.7,49.43,517.64,598.28,0.0
synth,3,66,decode,15,15,44.599990360438824,533.0500425770879,615.45,47.0,525.31,603.56,0.0
synth,3,67,decode,15,15,43.41005114838481,529.4100265018642,609.73,45.88,532.8,609.53,0.0
synth,3,68,decode,15,15,42.99997817724943,524.6700020506978,602.62,45.4,528.1,602.42,0.0
synth,3,69,decode,14,14,115.44994777068496,512.5700263306499,665.56,118.09,516.15,665.36,0.0
synth,3,70,decode,14,14,56.98995664715767,659.1599667444825,765.56,60.38,665.48,765.18,0.0
synth,3,71,decode,13,13,144.21000378206372,802.3999980650842,1000.33,147.56,795.21,987.49,0.0
synth,3,72,decode,12,12,184.56001998856664,739.7200097329915,978.63,188.92,744.56,978.1,0.0
synth,3,73,decode,12,12,52.51000402495265,807.6700032688677,915.19,55.72,813.9,915.0,0.0
synth,3,74,decode,11,11,167.8799744695425,647.170003503561,865.51,171.33,651.25,864.53,0.0
synth,3,75,decode,11,11,41.560037061572075,537.0500148274004,617.14,43.88,530.21,605.63,0.0
synth,3,76,decode,10,10,107.31001384556293,511.5899839438498,655.19,109.48,515.07,655.1,0.0
synth,3,77,decode,10,10,37.14999184012413,523.8199955783784,598.48,39.66,527.53,598.37,0.0
synth,3,78,decode,10,10,36.71000013127923,535.0100109353662,607.79,39.06,538.62,607.55,0.0
synth,3,79,decode,10,10,38.04999869316816,501.4199996367097,577.04,40.54,505.29,576.82,0.0
synth,3,80,decode,10,10,36.09003033488989,511.7499968037009,583.47,38.41,502.12,569.87,0.0
synth,3,81,decode,10,10,35.980017855763435,504.7000013291836,576.83,38.51,508.03,576.28,0.0
synth,3,82,decode,9,9,107.69005166366696,495.2299641445279,639.32,110.0,498.62,639.41,0.0
synth,3,83,decode,8,8,103.95998833701015,500.58000488206744,641.46,106.51,504.21,641.06,0.0
synth,3,84,decode,8,8,33.95002568140626,500.5499697290361,570.75,36.18,504.55,570.47,0.0
synth,3,85,decode,7,7,89.04997957870364,493.70998749509454,620.59,91.52,497.31,620.21,0.0
synth,3,86,decode,7,7,31.679985113441944,524.1199978627264,591.1,33.87,516.83,579.7,0.0
synth,3,87,decode,7,7,31.050003599375486,499.86003432422876,566.15,33.22,503.17,566.05,0.0
synth,3,88,decode,6,6,89.49998300522566,490.1100182905793,614.72,92.12,493.69,614.8,0.0
synth,3,89,decode,6,6,29.730028472840786,489.0699638053775,554.65,32.25,492.46,554.06,0.0
synth,3,90,decode,6,6,30.07001942023635,492.48000141233206,557.35,32.31,495.86,557.08,0.0
synth,3,91,decode,6,6,29.379967600107193,485.2199926972389,548.79,31.87,488.36,548.53,0.0
synth,3,92,decode,6,6,29.960006941109896,524.7800145298243,589.62,32.3,510.12,570.59,0.0
synth,3,93,decode,6,6,29.73998198285699,494.2899686284363,558.79,32.24,497.42,558.48,0.0
synth,3,94,decode,6,6,29.030023142695427,486.3899666815996,550.48,31.69,490.0,550.33,0.0
synth,3,95,decode,6,6,28.570007998496294,489.48003677651286,552.29,30.67,493.21,552.02,0.0
synth,3,96,decode,6,6,28.80999818444252,486.69002717360854,548.83,31.03,490.08,548.43,0.0
synth,3,97,decode,5,5,84.2600129544735,479.3400294147432,597.64,86.41,482.75,597.39,0.0
synth,3,98,decode,5,5,36.72001184895635,492.7899572066963,566.72,33.26,496.5,559.83,0.0
synth,3,99,decode,4,4,79.12999717518687,486.98001774027944,600.84,81.39,490.37,600.42,0.0
synth,3,100,decode,3,3,76.48998871445656,481.3100094906986,592.0,78.86,484.61,592.0,0.0
synth,3,101,decode,3,3,23.83999526500702,480.41000263765454,537.48,26.08,483.7,537.44,0.0
synth,3,102,decode,3,3,24.2600217461586,492.4900131300092,550.03,26.59,495.8,549.51,0.0
synth,3,103,decode,3,3,26.14001277834177,487.13997239246964,546.79,28.62,490.43,546.76,0.0
synth,3,104,decode,3,3,24.499953724443913,497.4299808964133,556.51,26.97,501.1,556.12,0.0
synth,3,105,decode,2,2,77.81002204865217,487.0499833486974,599.41,80.14,490.49,599.32,0.0
synth,3,106,decode,2,2,22.39999594166875,483.47003757953644,538.63,24.48,486.66,538.35,0.0
synth,3,107,decode,2,2,22.54004357382655,477.3000255227089,533.01,24.85,480.62,532.7,0.0
synth,3,108,decode,1,1,73.8899689167738,468.9899506047368,576.79,76.15,472.4,576.61,0.0
synth,3,109,decode,1,1,20.50003968179226,468.20001443848014,520.86,22.64,471.68,520.66,0.0
synth,3,110,drain,0,0,83.74,0.0,86.68,75.26,0.0,79.2,0.0
